0 FILE rr-buildings-all-separated.io
0 Untitled Model
0 Name:  rr-buildings-all-separated
0 Author:  
0 CustomBrick
0 FlexibleBrickControlPointUnitLength -1
0 FlexibleBrickLockedControlPoint 
1 16 -120.000200 0.000000 669.999900 1.000000 0.000000 0.000000 0.000000 1.000000 0.000000 0.000000 0.000000 1.000000 canteen
1 16 440.000000 0.000000 80.000000 1.000000 0.000000 0.000000 0.000000 1.000000 0.000000 0.000000 0.000000 1.000000 docks
1 16 -530.000000 0.000000 10.000000 1.000000 0.000000 0.000000 0.000000 1.000000 0.000000 0.000000 0.000000 1.000000 electric_fence
1 16 540.000000 24.000000 620.000000 1.000000 0.000000 0.000000 0.000000 1.000000 0.000000 0.000000 0.000000 1.000000 geologicalcenter
1 16 -160.000000 0.000000 510.000000 1.000000 0.000000 0.000000 0.000000 1.000000 0.000000 0.000000 0.000000 1.000000 scout_outpost
1 16 150.000000 143.812500 250.000000 1.000000 0.000000 0.000000 0.000000 1.000000 0.000000 0.000000 0.000000 1.000000 tower-mid-1
1 16 310.000100 0.000000 679.999900 1.000000 0.000000 0.000000 0.000000 1.000000 0.000000 0.000000 0.000000 1.000000 orerefinery
1 16 -280.000000 0.000000 340.000000 1.000000 0.000000 0.000000 0.000000 1.000000 0.000000 0.000000 0.000000 1.000000 powerstation
1 16 -520.000000 24.000000 630.000000 1.000000 0.000000 0.000000 0.000000 1.000000 0.000000 0.000000 0.000000 1.000000 superteleport
1 16 500.000000 0.000000 280.000000 1.000000 0.000000 0.000000 0.000000 1.000000 0.000000 0.000000 0.000000 1.000000 supportstation
1 16 80.000020 0.000000 450.000000 0.000000 0.000000 1.000000 0.000000 1.000000 0.000000 -1.000000 0.000000 0.000000 teleportpad
1 16 -234.471800 0.000000 341.930000 0.000000 0.000000 -1.000000 0.000000 1.000000 0.000000 1.000000 0.000000 0.000000 toolstore
1 16 -30.000000 -96.187500 310.000000 1.000000 0.000000 0.000000 0.000000 1.000000 0.000000 0.000000 0.000000 1.000000 tower-mid-2
1 16 -730.000000 0.000000 110.000000 1.000000 0.000000 0.000000 0.000000 1.000000 0.000000 0.000000 0.000000 1.000000 tower-base
1 16 -321.000000 0.000000 63.000120 0.000000 0.000000 -1.000000 0.000000 1.000000 0.000000 1.000000 0.000000 0.000000 laser-top
1 16 -637.855800 0.000000 -168.276900 0.000000 0.000000 1.000000 0.000000 1.000000 0.000000 -1.000000 0.000000 0.000000 crane
1 16 -181.833300 0.000000 61.832900 1.000000 0.000000 0.000000 0.000000 1.000000 0.000000 0.000000 0.000000 1.000000 laser-top-pivot
1 16 -225.999700 0.000000 -70.000020 1.000000 0.000000 0.000000 0.000000 1.000000 0.000000 0.000000 0.000000 1.000000 fence-1x4
1 16 -125.999800 0.000000 -90.000060 1.000000 0.000000 0.000000 0.000000 1.000000 0.000000 0.000000 0.000000 1.000000 fence-1x6
1 16 -285.999600 0.000100 -160.000100 1.000000 0.000000 0.000000 0.000000 1.000000 0.000000 0.000000 0.000000 1.000000 fence-1x8
1 16 120.000000 0.000000 -20.000010 0.000000 0.000000 -1.000000 0.000000 1.000000 0.000000 1.000000 0.000000 0.000000 light-tower-1
0 NOFILE
0 FILE Canteen
0 Canteen
0 Name:  Canteen
0 Author:  Simon Eriksson
0 CustomBrick
0 FlexibleBrickControlPointUnitLength -1
0 FlexibleBrickLockedControlPoint 
0 NumOfBricks:  80
1 8 -20.000000 -136.000000 20.000100 1.000002 0.000000 0.000000 0.000000 1.000000 0.000000 0.000000 0.000000 1.000002 30303.dat
1 14 -20.000000 -56.000000 -70.000000 1.000002 0.000000 0.000000 0.000000 1.000000 0.000000 0.000000 0.000000 1.000002 2412b.dat
1 0 -70.000100 -144.000000 20.000120 0.000000 0.000000 1.000000 0.000000 1.000000 0.000000 -1.000000 0.000000 0.000000 2412b.dat
1 14 -20.000000 -56.000000 110.000200 1.000002 0.000000 0.000000 0.000000 1.000000 0.000000 0.000000 0.000000 1.000002 2412b.dat
1 7 -20.000000 -120.000000 -30.000000 1.000002 0.000000 0.000000 0.000000 1.000000 0.000000 0.000000 0.000000 1.000002 3684.dat
1 7 -20.000000 -120.000000 70.000200 -1.000002 0.000000 0.000000 0.000000 1.000000 0.000000 0.000000 0.000000 -1.000002 3684.dat
1 3 -20.000000 -48.000000 -30.000000 1.000002 0.000000 0.000000 0.000000 1.000000 0.000000 0.000000 0.000000 1.000002 3747a.dat
1 3 -20.000000 -48.000000 70.000200 -1.000002 0.000000 0.000000 0.000000 1.000000 0.000000 0.000000 0.000000 -1.000002 3747a.dat
1 42 -30.000000 -144.000000 70.000200 1.000002 0.000000 0.000000 0.000000 1.000000 0.000000 0.000000 0.000000 1.000002 6141.dat
1 38 -30.000000 -144.000000 -30.000000 1.000002 0.000000 0.000000 0.000000 1.000000 0.000000 0.000000 0.000000 1.000002 6141.dat
1 0 -30.000000 -48.000000 20.000100 0.000000 0.000000 1.000002 0.000000 1.000000 0.000000 -1.000002 0.000000 0.000000 3660.dat
1 3 -50.000000 -56.000000 20.000100 0.000000 0.000000 1.000002 0.000000 1.000000 0.000000 -1.000002 0.000000 0.000000 2412b.dat
1 0 -10.000000 -48.000000 50.000100 0.000000 0.000000 1.000002 0.000000 1.000000 0.000000 -1.000002 0.000000 0.000000 3040b.dat
1 0 -10.000000 -48.000000 -10.000000 0.000000 0.000000 1.000002 0.000000 1.000000 0.000000 -1.000002 0.000000 0.000000 3040b.dat
1 14 210.000100 -176.000000 20.000000 0.000000 0.000000 -1.000000 0.000000 1.000000 0.000000 1.000000 0.000000 0.000000 2540.dat
1 42 -20.000000 -104.000000 20.000100 0.000000 0.000000 1.000000 0.000000 1.000000 0.000000 -1.000000 0.000000 0.000000 4345b.dat
1 42 -20.000200 -104.000000 20.000300 0.000000 0.000000 0.999990 0.000000 1.000000 0.000000 -0.999990 0.000000 0.000000 4346.dat
1 0 210.000000 -48.500000 -10.000100 0.000000 0.000000 -1.000000 0.000000 1.000000 0.000000 1.000000 0.000000 0.000000 3040b.dat
1 0 70.000200 -24.000000 20.000100 0.000000 0.000000 1.000001 0.000000 1.000000 0.000000 -1.000001 0.000000 0.000000 3004.dat
1 0 50.000100 -48.000000 20.000100 0.000000 0.000000 -1.000001 0.000000 1.000000 0.000000 1.000001 0.000000 0.000000 3039.dat
1 0 -20.000000 -128.000000 -20.000000 1.000002 0.000000 0.000000 0.000000 1.000000 0.000000 0.000000 0.000000 1.000002 3022.dat
1 0 -20.000000 -128.000000 60.000200 1.000002 0.000000 0.000000 0.000000 1.000000 0.000000 0.000000 0.000000 1.000002 3022.dat
1 0 50.000000 -24.000000 20.000000 0.000000 0.000000 1.000000 0.000000 1.000000 0.000000 -1.000000 0.000000 0.000000 3660.dat
1 14 -20.000000 -24.000000 20.000000 0.000000 0.000000 -1.000000 0.000000 1.000000 0.000000 1.000000 0.000000 0.000000 2456.dat
1 14 20.000100 -128.000000 20.000100 1.000000 0.000000 0.000000 0.000000 1.000000 0.000000 0.000000 0.000000 1.000000 3022.dat
1 7 20.000100 -120.000000 20.000100 1.000000 0.000000 0.000000 0.000000 1.000000 0.000000 0.000000 0.000000 1.000000 3022.dat
1 8 -9.999900 -96.500000 20.000100 0.000000 0.000000 -1.000000 0.000000 1.000000 0.000000 1.000000 0.000000 0.000000 2399.dat
1 0 20.000100 -72.500000 20.000100 1.000000 0.000000 0.000000 0.000000 1.000000 0.000000 0.000000 0.000000 1.000000 3003.dat
1 383 50.000100 -56.000000 20.000100 0.000000 0.000000 1.000000 0.000000 1.000000 0.000000 -1.000000 0.000000 0.000000 2412b.dat
1 0 -9.999900 -120.000000 50.000200 0.000000 0.000000 1.000000 0.000000 1.000000 0.000000 -1.000000 0.000000 0.000000 3665.dat
1 0 -10.000000 -120.000000 -9.999900 0.000000 0.000000 1.000000 0.000000 1.000000 0.000000 -1.000000 0.000000 0.000000 3665.dat
1 0 30.000100 -48.500000 20.000100 0.000000 0.000000 1.000000 0.000000 1.000000 0.000000 -1.000000 0.000000 0.000000 3660.dat
1 8 220.000000 -136.000000 19.999900 -1.000000 0.000000 0.000000 0.000000 1.000000 0.000000 0.000000 0.000000 -1.000000 30303.dat
1 14 220.000100 -56.000000 110.000000 -1.000000 0.000000 0.000000 0.000000 1.000000 0.000000 0.000000 0.000000 -1.000000 2412b.dat
1 0 270.000100 -144.000000 19.999900 0.000000 0.000000 -1.000000 0.000000 1.000000 0.000000 1.000000 0.000000 0.000000 2412b.dat
1 14 220.000000 -56.000000 -70.000000 -1.000000 0.000000 0.000000 0.000000 1.000000 0.000000 0.000000 0.000000 -1.000000 2412b.dat
1 7 220.000000 -120.000000 70.000000 -1.000000 0.000000 0.000000 0.000000 1.000000 0.000000 0.000000 0.000000 -1.000000 3684.dat
1 7 220.000000 -120.000000 -30.000100 1.000000 0.000000 0.000000 0.000000 1.000000 0.000000 0.000000 0.000000 1.000000 3684.dat
1 3 220.000000 -48.000000 70.000000 -1.000000 0.000000 0.000000 0.000000 1.000000 0.000000 0.000000 0.000000 -1.000000 3747a.dat
1 3 220.000000 -48.000000 -30.000100 1.000000 0.000000 0.000000 0.000000 1.000000 0.000000 0.000000 0.000000 1.000000 3747a.dat
1 42 230.000000 -144.000000 -30.000100 -1.000000 0.000000 0.000000 0.000000 1.000000 0.000000 0.000000 0.000000 -1.000000 6141.dat
1 38 230.000100 -144.000000 70.000000 -1.000000 0.000000 0.000000 0.000000 1.000000 0.000000 0.000000 0.000000 -1.000000 6141.dat
1 0 230.000100 -48.000000 20.000000 0.000000 0.000000 -1.000000 0.000000 1.000000 0.000000 1.000000 0.000000 0.000000 3660.dat
1 3 250.000100 -56.000000 20.000000 0.000000 0.000000 -1.000000 0.000000 1.000000 0.000000 1.000000 0.000000 0.000000 2412b.dat
1 14 210.000000 -102.000000 20.160000 0.000000 0.000000 -0.999999 1.000000 0.000000 0.000000 0.000000 -0.999999 0.000000 30258p01.dat
1 14 190.000000 -112.000000 19.999900 0.000000 0.000000 -0.999999 0.000000 1.000000 0.000000 0.999999 0.000000 0.000000 30236.dat
1 0 130.000000 -24.000000 20.000000 0.000000 0.000000 -1.000000 0.000000 1.000000 0.000000 1.000000 0.000000 0.000000 3004.dat
1 0 150.000100 -48.000000 20.000000 -0.000001 0.000000 1.000000 0.000000 1.000000 0.000000 -1.000000 0.000000 -0.000001 3039.dat
1 0 220.000100 -128.000000 59.999900 -1.000000 0.000000 0.000000 0.000000 1.000000 0.000000 0.000000 0.000000 -1.000000 3022.dat
1 0 220.000000 -128.000000 -20.000100 -1.000000 0.000000 0.000000 0.000000 1.000000 0.000000 0.000000 0.000000 -1.000000 3022.dat
1 14 210.000000 -62.500000 20.289900 0.000000 0.000000 -0.999999 1.000000 0.000000 0.000000 0.000000 -0.999999 0.000000 30258p01.dat
1 0 150.000200 -24.000000 20.000100 0.000000 0.000000 -0.999999 0.000000 1.000000 0.000000 0.999999 0.000000 0.000000 3660.dat
1 14 220.000000 -24.000000 20.000100 -0.000001 0.000000 0.999999 0.000000 1.000000 0.000000 -0.999999 0.000000 -0.000001 2456.dat
1 14 180.000000 -128.000000 19.999900 -0.999999 0.000000 0.000000 0.000000 1.000000 0.000000 0.000000 0.000000 -0.999999 3022.dat
1 7 180.000000 -120.000000 19.999900 -0.999999 0.000000 0.000000 0.000000 1.000000 0.000000 0.000000 0.000000 -0.999999 3022.dat
1 8 210.000000 -96.500000 19.999900 0.000000 0.000000 0.999999 0.000000 1.000000 0.000000 -0.999999 0.000000 0.000000 2399.dat
1 383 150.000000 -56.000000 19.999900 0.000000 0.000000 -0.999999 0.000000 1.000000 0.000000 0.999999 0.000000 0.000000 2412b.dat
1 8 210.000000 -120.000000 -10.000100 0.000001 0.000000 -0.999999 0.000000 1.000000 0.000000 0.999999 0.000000 0.000001 3665.dat
1 8 210.000100 -120.000000 50.000000 0.000001 0.000000 -0.999999 0.000000 1.000000 0.000000 0.999999 0.000000 0.000001 3665.dat
1 0 170.000000 -48.500000 19.999900 0.000000 0.000000 -0.999999 0.000000 1.000000 0.000000 0.999999 0.000000 0.000000 3660.dat
1 0 190.000000 -72.500000 19.999900 0.000000 0.000000 -0.999999 0.000000 1.000000 0.000000 0.999999 0.000000 0.000000 30236.dat
1 0 170.000000 -72.500000 19.999900 0.000000 0.000000 -0.999999 0.000000 1.000000 0.000000 0.999999 0.000000 0.000000 3004.dat
1 14 170.000000 -112.000000 19.999900 0.000000 0.000000 -0.999999 0.000000 1.000000 0.000000 0.999999 0.000000 0.000000 3004.dat
1 38 210.000000 -72.500000 -10.000100 1.000000 0.000000 0.000000 0.000000 1.000000 0.000000 0.000000 0.000000 1.000000 4589.dat
1 383 210.000100 -184.000000 20.000000 0.000000 0.000000 -1.000000 0.000000 1.000000 0.000000 1.000000 0.000000 0.000000 2412b.dat
1 14 230.000100 -174.000000 19.910000 0.500004 0.000000 -0.866023 0.866023 -0.000001 0.500004 0.000000 -1.000000 0.000000 30258p01.dat
1 14 20.000100 -112.000000 20.000100 1.000000 0.000000 0.000000 0.000000 1.000000 0.000000 0.000000 0.000000 1.000000 3003.dat
1 0 -10.000000 -72.000000 50.000100 1.000000 0.000000 0.000000 0.000000 1.000000 0.000000 0.000000 0.000000 1.000000 3005.dat
1 0 -9.999900 -72.500000 -9.999900 1.000000 0.000000 0.000000 0.000000 1.000000 0.000000 0.000000 0.000000 1.000000 3005.dat
1 0 -20.000000 -56.000000 20.000100 1.000000 0.000000 0.000000 0.000000 1.000000 0.000000 0.000000 0.000000 1.000000 3022.dat
1 42 -20.000000 -128.000000 20.000100 1.000000 0.000000 0.000000 0.000000 1.000000 0.000000 0.000000 0.000000 1.000000 3941.dat
1 38 210.000000 -72.500000 49.999900 1.000000 0.000000 0.000000 0.000000 1.000000 0.000000 0.000000 0.000000 1.000000 4589.dat
1 0 210.000000 -48.000000 50.000100 0.000000 0.000000 -1.000000 0.000000 1.000000 0.000000 1.000000 0.000000 0.000000 3040b.dat
1 8 210.000100 -168.000000 20.000000 0.000000 0.000000 -1.000000 0.000000 1.000000 0.000000 1.000000 0.000000 0.000000 3039p04.dat
1 8 -10.000030 -168.000000 20.000120 0.000000 0.000000 1.000000 0.000000 1.000000 0.000000 -1.000000 0.000000 0.000000 3039p04.dat
1 383 -10.000020 -176.000000 20.000120 0.000000 0.000000 -1.000000 0.000000 1.000000 0.000000 1.000000 0.000000 0.000000 2412b.dat
1 14 30.000110 -224.000000 10.000080 0.000000 -1.000000 0.000000 1.000000 0.000000 0.000000 0.000000 0.000000 1.000000 73590a.dat copy 5
1 14 30.000100 -224.000000 110.000300 0.000000 -1.000000 0.000000 1.000000 0.000000 0.000000 0.000000 0.000000 1.000000 73590a.dat copy 6
1 14 170.000600 -224.000000 30.000000 0.000000 0.999997 0.000000 0.999996 0.000000 0.000000 0.000000 0.000000 -1.000000 73590a.dat copy 7
1 14 169.999900 -224.000000 -70.000170 0.000000 1.000001 0.000000 1.000001 0.000000 0.000000 0.000000 0.000000 -1.000000 73590a.dat copy 8
0 NOFILE
0 FILE 73590a.dat Copy 5
0 Hose, Flexible 8.5L with Tabless Ends (Ends same color as Tube, ends not removable)
0 Name:  73590c03a
0 Author:  Steve Bliss [sbliss]
0 FlexibleBrick:  73590a.dat
0 FlexibleBrickControlPointUnitLength -1
0 FlexibleBrickLockedControlPoint 
1 14 70.000000 40.000070 -40.000080 0.000000 1.000000 0.000000 -1.000000 0.000000 0.000000 0.000000 0.000000 1.000000 752.dat
1 14 70.000000 0.000000 0.000000 0.000000 1.000000 0.000000 1.000000 0.000000 0.000000 0.000000 0.000000 1.000000 752.dat
1 14 70.000000 40.000070 -40.000080 0.000000 -1.000000 0.000000 1.000000 0.000000 0.000000 0.000000 0.000000 1.000000 755.dat
1 14 70.000000 0.000000 0.000000 0.000000 -1.000000 0.000000 1.000000 0.000000 0.000000 0.000000 0.000000 1.000000 755.dat
1 14 64.555400 40.004860 -40.009940 -0.022053 0.999699 0.010697 0.000000 -0.010700 0.999943 0.999757 0.022052 0.000236 754.dat
1 14 61.551480 40.033890 -40.071430 -0.020697 0.999738 0.009758 0.000000 -0.009760 0.999952 0.999786 0.020696 0.000202 754.dat
1 14 58.548600 40.077970 -40.167560 -0.032353 0.999367 0.014797 0.000000 -0.014805 0.999890 0.999476 0.032350 0.000479 754.dat
1 14 55.546220 40.125830 -40.277160 -0.036508 0.999207 0.015851 0.000000 -0.015862 0.999874 0.999333 0.036504 0.000579 754.dat
1 14 52.543460 40.166100 -40.379250 -0.033400 0.999358 0.012976 0.000000 -0.012983 0.999916 0.999442 0.033397 0.000434 754.dat
1 14 49.539730 40.187230 -40.453000 -0.023097 0.999715 0.006097 0.000000 -0.006099 0.999981 0.999733 0.023097 0.000141 754.dat
1 14 46.535200 40.177340 -40.477780 -0.005666 0.999972 -0.004910 0.000000 0.004910 0.999988 0.999984 0.005666 -0.000028 754.dat
1 14 43.531440 40.124160 -40.433260 0.018793 0.999620 -0.020181 0.000000 0.020184 0.999796 0.999823 -0.018789 0.000379 754.dat
1 14 40.531960 40.015000 -40.299550 0.050127 0.997949 -0.039821 0.000000 0.039871 0.999205 0.998743 -0.050087 0.001999 754.dat
1 14 37.542720 39.836850 -40.057620 0.088099 0.994065 -0.063824 0.000000 0.064073 0.997945 0.996112 -0.087917 0.005645 754.dat
1 14 34.572580 39.576550 -39.689660 0.132379 0.986919 -0.092010 0.000000 0.092827 0.995682 0.991199 -0.131808 0.012288 754.dat
1 14 31.633600 39.221100 -39.179700 0.182531 0.975357 -0.123938 0.000000 0.126056 0.992023 0.983200 -0.181075 0.023009 754.dat
1 14 28.741250 38.758060 -38.514220 0.238010 0.958186 -0.158841 0.000000 0.163541 0.986537 0.971263 -0.234805 0.038924 754.dat
1 14 25.914250 38.175890 -37.682820 0.298169 0.934261 -0.195580 0.000000 0.204901 0.978783 0.954513 -0.291842 0.061095 754.dat
1 14 23.174300 37.464590 -36.678810 0.362286 0.902573 -0.232619 0.000000 0.249573 0.968356 0.932067 -0.350822 0.090417 754.dat
1 14 20.545540 36.616060 -35.499740 0.429576 0.862334 -0.268040 0.000000 0.296822 0.954933 0.903031 -0.410216 0.127508 754.dat
1 14 18.053720 35.624610 -34.147700 0.499187 0.813049 -0.299606 0.000000 0.345769 0.938320 0.866494 -0.468397 0.172603 754.dat
1 14 15.725410 34.487260 -32.629400 0.570222 0.754539 -0.324835 0.000000 0.395422 0.918499 0.821491 -0.523748 0.225478 754.dat
1 14 13.587030 33.203970 -30.955990 0.641669 0.686961 -0.341094 0.000000 0.444723 0.895668 0.766981 -0.574723 0.285365 754.dat
1 14 11.664030 31.777760 -29.142780 0.712357 0.610764 -0.345710 0.000000 0.492592 0.870260 0.701818 -0.619936 0.350902 754.dat
1 14 9.980110 30.214710 -27.208560 0.780839 0.526631 -0.336081 0.000000 0.537960 0.842970 0.624732 -0.658224 0.420061 754.dat
1 14 8.556760 28.523860 -25.175060 0.845226 0.435418 -0.309844 0.000000 0.579789 0.814767 0.534408 -0.688662 0.490053 754.dat
1 14 7.412830 26.717160 -23.066180 0.902995 0.338093 -0.265127 0.000000 0.617077 0.786903 0.429650 -0.710570 0.557218 754.dat
1 14 6.564300 24.809300 -20.907410 0.950817 0.235694 -0.200987 0.000000 0.648861 0.760907 0.309754 -0.723483 0.616948 754.dat
1 14 6.024120 22.817720 -18.725250 0.984550 0.129321 -0.118054 0.000000 0.674201 0.738547 0.175102 -0.727137 0.663785 756.dat
1 14 5.802010 20.762440 -16.546670 0.999610 0.020143 -0.019320 0.000000 0.692196 0.721710 0.027911 -0.721429 0.691926 754.dat
1 14 5.904220 18.665990 -14.398720 -0.991882 0.090562 0.089263 0.000000 -0.701982 0.712194 0.127159 0.706413 0.696284 754.dat
1 14 6.333190 16.553240 -12.308060 -0.959099 0.201374 0.198940 0.000000 -0.702794 0.711393 0.283070 0.682297 0.674049 754.dat
1 14 7.087100 14.451040 -10.300550 -0.902084 0.310707 0.299507 0.000000 -0.694011 0.719964 0.431559 0.649468 0.626057 754.dat
1 14 8.159430 12.387710 -8.400640 -0.825023 0.416812 0.381582 0.000000 -0.675248 0.737591 0.565099 0.608529 0.557096 754.dat
1 14 9.538509 10.392290 -6.630780 -0.734414 0.517822 0.438744 0.000000 -0.646446 0.762959 0.678702 0.560328 0.474759 754.dat
1 14 11.207360 8.493480 -5.010680 -0.637290 0.611854 0.468502 0.000000 -0.607952 0.793973 0.770623 0.505992 0.387443 754.dat
1 14 13.143730 6.718510 -3.556540 -0.539692 0.697147 0.471930 0.000000 -0.560578 0.828101 0.841862 0.446920 0.302540 754.dat
1 14 15.320680 5.091750 -2.280310 -0.445948 0.772223 0.452550 0.000000 -0.505610 0.862762 0.895059 0.384747 0.225476 754.dat
1 14 17.707500 3.633480 -1.189110 -0.358694 0.836054 0.415154 0.000000 -0.444750 0.895655 0.933455 0.321266 0.159529 754.dat
1 14 20.271140 2.358830 -0.284920 -0.279264 0.888177 0.364902 0.000000 -0.380021 0.924978 0.960214 0.258313 0.106127 754.dat
1 14 22.977770 1.276970 0.435460 -0.208152 0.928751 0.306747 0.000000 -0.313617 0.949550 0.978097 0.197651 0.065280 754.dat
1 14 25.794580 0.390830 0.980040 -0.145378 0.958535 0.245102 0.000000 -0.247733 0.968828 0.989376 0.140846 0.036015 754.dat
1 14 28.691320 -0.302780 1.361090 -0.090742 0.978793 0.183660 0.000000 -0.184420 0.982847 0.995874 0.089185 0.016735 754.dat
1 14 31.641640 -0.812700 1.594260 -0.043973 0.991138 0.125348 0.000000 -0.125469 0.992097 0.999033 0.043626 0.005518 754.dat
1 14 34.623920 -1.152600 1.697680 -0.004806 0.997368 0.072339 0.000000 -0.072340 0.997380 0.999988 0.004794 0.000348 754.dat
1 14 37.621670 -1.340080 1.691040 0.026991 0.999294 0.026137 0.000000 -0.026146 0.999658 0.999636 -0.026982 -0.000706 754.dat
1 14 40.623440 -1.395700 1.594840 0.051609 0.998592 -0.012300 0.000000 0.012317 0.999924 0.998667 -0.051605 0.000636 754.dat
1 14 43.622420 -1.342100 1.429710 0.069199 0.996701 -0.042415 0.000000 0.042517 0.999096 0.997603 -0.069137 0.002942 754.dat
1 14 46.615740 -1.203350 1.216100 0.079887 0.994753 -0.063912 0.000000 0.064117 0.997942 0.996804 -0.079723 0.005122 754.dat
1 14 49.603600 -1.004400 0.974000 0.083770 0.993534 -0.076629 0.000000 0.076899 0.997039 0.996485 -0.083522 0.006442 754.dat
1 14 52.588260 -0.770810 0.722990 0.080914 0.993470 -0.080435 0.000000 0.080700 0.996738 0.996721 -0.080650 0.006530 754.dat
1 14 55.573100 -0.528570 0.482310 0.071372 0.994612 -0.075183 0.000000 0.075375 0.997155 0.997450 -0.071168 0.005380 754.dat
1 14 58.561480 -0.304100 0.271060 0.055169 0.996631 -0.060689 0.000000 0.060782 0.998151 0.998477 -0.055067 0.003353 754.dat
1 14 61.555800 -0.124220 0.108390 0.032040 0.998821 -0.036454 0.000000 0.036473 0.999335 0.999486 -0.032019 0.001169 754.dat
1 14 64.556330 -0.016110 0.013580 0.030631 0.998875 -0.036210 0.000000 0.036227 0.999343 0.999531 -0.030610 0.001110 754.dat
0 NOFILE
0 FILE 73590a.dat Copy 6
0 Hose, Flexible 8.5L with Tabless Ends (Ends same color as Tube, ends not removable)
0 Name:  73590c03a
0 Author:  Steve Bliss [sbliss]
0 FlexibleBrick:  73590a.dat
0 FlexibleBrickControlPointUnitLength -1
0 FlexibleBrickLockedControlPoint 
1 14 70.000000 40.000070 -40.000080 0.000000 1.000000 0.000000 -1.000000 0.000000 0.000000 0.000000 0.000000 1.000000 752.dat
1 14 70.000000 -0.000010 -80.000160 0.000000 1.000000 0.000000 -1.000000 0.000000 0.000000 0.000000 0.000000 1.000000 752.dat
1 14 70.000000 40.000070 -40.000080 0.000000 -1.000000 0.000000 1.000000 0.000000 0.000000 0.000000 0.000000 1.000000 755.dat
1 14 70.000000 -0.000010 -80.000160 0.000000 -1.000000 0.000000 1.000000 0.000000 0.000000 0.000000 0.000000 1.000000 755.dat
1 14 64.554040 40.000060 -39.990100 0.022307 0.999751 -0.000151 0.000000 0.000151 1.000000 0.999751 -0.022307 0.000003 754.dat
1 14 61.548710 39.993440 -39.925810 0.021649 0.999763 -0.002293 0.000000 0.002293 0.999997 0.999766 -0.021649 0.000050 754.dat
1 14 58.544500 39.973620 -39.822250 0.034905 0.999367 -0.006871 0.000000 0.006875 0.999976 0.999390 -0.034904 0.000240 754.dat
1 14 55.541240 39.933970 -39.698430 0.041408 0.999048 -0.013720 0.000000 0.013732 0.999906 0.999142 -0.041404 0.000569 754.dat
1 14 52.538520 39.867870 -39.572950 0.041490 0.998877 -0.022856 0.000000 0.022876 0.999738 0.999139 -0.041479 0.000949 754.dat
1 14 49.536090 39.768760 -39.463950 0.035324 0.998788 -0.034269 0.000000 0.034290 0.999412 0.999376 -0.035303 0.001212 754.dat
1 14 46.534220 39.630180 -39.388990 0.023096 0.998584 -0.047923 0.000000 0.047936 0.998850 0.999733 -0.023069 0.001107 754.dat
1 14 43.534020 39.445660 -39.365130 0.004969 0.997949 -0.063819 0.000000 0.063820 0.997961 0.999987 -0.004959 0.000317 754.dat
1 14 40.537810 39.208740 -39.408860 -0.018885 0.996459 -0.081927 0.000000 0.081942 0.996637 0.999821 0.018822 -0.001547 754.dat
1 14 37.549300 38.912800 -39.536040 -0.048310 0.993585 -0.102253 0.000000 0.102373 0.994746 0.998832 0.048056 -0.004946 754.dat
1 14 34.573990 38.550840 -39.761860 -0.083151 0.988688 -0.124827 0.000000 0.125261 0.992124 0.996537 0.082496 -0.010415 754.dat
1 14 31.619440 38.115290 -40.100740 -0.123280 0.981021 -0.149667 0.000000 0.150818 0.988561 0.992372 0.121870 -0.018593 754.dat
1 14 28.695640 37.597770 -40.566260 -0.168611 0.969701 -0.176778 0.000000 0.179346 0.983786 0.985682 0.165878 -0.030240 754.dat
1 14 25.815360 36.989000 -41.171020 -0.219088 0.953702 -0.206039 0.000000 0.211170 0.977449 0.975705 0.214147 -0.046264 754.dat
1 14 22.994670 36.278760 -41.926400 -0.274714 0.931828 -0.237124 0.000000 0.246613 0.969114 0.961526 0.266230 -0.067748 754.dat
1 14 20.253360 35.456090 -42.842100 -0.335492 0.902722 -0.269328 0.000000 0.285898 0.958260 0.942043 0.321489 -0.095916 754.dat
1 14 17.615390 34.509780 -43.925660 -0.401436 0.864880 -0.301382 0.000000 0.329060 0.944309 0.915887 0.379080 -0.132096 754.dat
1 14 15.109140 33.429060 -45.181600 -0.472496 0.816722 -0.331230 0.000000 0.375829 0.926689 0.881333 0.437857 -0.177577 754.dat
1 14 12.767400 32.204740 -46.610520 -0.548422 0.756728 -0.355801 0.000000 0.425497 0.904960 0.836201 0.496300 -0.233352 754.dat
1 14 10.626830 30.830610 -48.207950 -0.628568 0.683639 -0.370865 0.000000 0.476840 0.878990 0.777755 0.552505 -0.299726 754.dat
1 14 8.726830 29.304880 -49.963440 -0.711525 0.596693 -0.371063 0.000000 0.528084 0.849192 0.702660 0.604222 -0.375745 754.dat
1 14 7.107610 27.631690 -51.859680 -0.794557 0.495932 -0.350328 0.000000 0.576967 0.816767 0.607189 0.648968 -0.458434 754.dat
1 14 5.807570 25.822180 -53.872260 -0.872926 0.382420 -0.302909 0.000000 0.620905 0.783886 0.487852 0.684275 -0.542004 754.dat
1 14 4.860240 23.894990 -55.970300 -0.939410 0.258355 -0.225301 0.000000 0.657247 0.753675 0.342794 0.708010 -0.617425 754.dat
1 14 4.291210 21.875910 -58.117780 -0.984743 0.126996 -0.118963 0.000000 0.683649 0.729811 0.174012 0.718677 -0.673218 756.dat
1 14 4.115530 19.796480 -60.275760 -0.999943 -0.007630 0.007445 0.000000 0.698371 0.715736 -0.010661 0.715695 -0.698331 754.dat
1 14 4.336270 17.691990 -62.405240 0.980232 0.141191 0.138600 0.000000 -0.700529 0.713623 0.197851 -0.699516 -0.686681 754.dat
1 14 4.944410 15.598910 -64.469860 0.928022 0.269575 0.257109 0.000000 -0.690176 0.723641 0.372526 -0.671555 -0.640498 754.dat
1 14 5.920090 13.552350 -66.438350 0.852120 0.389356 0.349704 0.000000 -0.668208 0.743974 0.523346 -0.633955 -0.569394 754.dat
1 14 7.234950 11.584050 -68.286110 0.763724 0.498078 0.410664 0.000000 -0.636151 0.771564 0.645544 -0.589262 -0.485844 754.dat
1 14 8.855050 9.720880 -69.995910 0.672484 0.594363 0.441019 0.000000 -0.595882 0.803072 0.740112 -0.540053 -0.400721 754.dat
1 14 10.743690 7.984260 -71.557600 0.584827 0.677798 0.445609 0.000000 -0.549349 0.835593 0.811158 -0.488678 -0.321274 754.dat
1 14 12.863960 6.390170 -72.967200 0.504107 0.748737 0.430430 0.000000 -0.498389 0.866953 0.863641 -0.437037 -0.251241 754.dat
1 14 15.180560 4.949630 -74.225580 0.431533 0.808030 0.401081 0.000000 -0.444610 0.895724 0.902097 -0.386534 -0.191863 754.dat
1 14 17.660900 3.669380 -75.337120 0.367084 0.856784 0.362175 0.000000 -0.389356 0.921087 0.930188 -0.338116 -0.142926 754.dat
1 14 20.275640 2.552560 -76.308440 0.310091 0.896193 0.317303 0.000000 -0.333754 0.942660 0.950707 -0.292310 -0.103494 754.dat
1 14 22.998860 1.599270 -77.147320 0.259650 0.927423 0.269199 0.000000 -0.278760 0.960361 0.965703 -0.249358 -0.072380 754.dat
1 14 25.807830 0.807040 -77.862160 0.214842 0.951554 0.219971 0.000000 -0.225230 0.974305 0.976649 -0.209321 -0.048389 754.dat
1 14 28.682860 0.170970 -78.461320 0.174870 0.969576 0.171296 0.000000 -0.173977 0.984750 0.984591 -0.172203 -0.030423 754.dat
1 14 31.606980 -0.316090 -78.953250 0.139116 0.982409 0.124578 0.000000 -0.125801 0.992055 0.990276 -0.138010 -0.017501 754.dat
1 14 34.565820 -0.663610 -79.346440 0.107148 0.990936 0.081028 0.000000 -0.081497 0.996673 0.994243 -0.106791 -0.008732 754.dat
1 14 37.547510 -0.883260 -79.649520 0.078705 0.996024 0.041723 0.000000 -0.041853 0.999124 0.996898 -0.078636 -0.003294 754.dat
1 14 40.542610 -0.988960 -79.871380 0.053729 0.998526 0.007614 0.000000 -0.007624 0.999971 0.998555 -0.053727 -0.000409 754.dat
1 14 43.544100 -0.996740 -80.021580 0.032303 0.999268 -0.020475 0.000000 0.020486 0.999790 0.999478 -0.032296 0.000662 754.dat
1 14 46.547260 -0.924590 -80.110230 0.014611 0.999017 -0.041845 0.000000 0.041849 0.999124 0.999893 -0.014598 0.000612 754.dat
1 14 49.549510 -0.792260 -80.148250 0.000870 0.998435 -0.055917 0.000000 0.055917 0.998435 1.000000 -0.000869 0.000049 754.dat
1 14 52.550100 -0.621020 -80.147200 -0.008663 0.998025 -0.062221 0.000000 0.062223 0.998062 0.999962 0.008647 -0.000539 754.dat
1 14 55.549620 -0.433430 -80.119340 -0.013748 0.998082 -0.060363 0.000000 0.060369 0.998176 0.999905 0.013723 -0.000830 754.dat
1 14 58.549420 -0.253190 -80.077500 -0.014249 0.998647 -0.050017 0.000000 0.050023 0.998748 0.999898 0.014231 -0.000713 754.dat
1 14 61.550920 -0.104910 -80.034930 -0.009943 0.999480 -0.030654 0.000000 0.030656 0.999530 0.999950 0.009938 -0.000304 754.dat
1 14 64.554780 -0.013940 -80.005340 -0.011554 0.999447 -0.031178 0.000000 0.031180 0.999514 0.999933 0.011549 -0.000360 754.dat
0 NOFILE
0 FILE 73590a.dat Copy 7
0 Hose, Flexible 8.5L with Tabless Ends (Ends same color as Tube, ends not removable)
0 Name:  73590c03a
0 Author:  Steve Bliss [sbliss]
0 FlexibleBrick:  73590a.dat
0 FlexibleBrickControlPointUnitLength -1
0 FlexibleBrickLockedControlPoint 
1 14 70.000000 40.000070 -40.000080 0.000000 1.000000 0.000000 -1.000000 0.000000 0.000000 0.000000 0.000000 1.000000 752.dat
1 14 70.000000 0.000000 0.000000 0.000000 1.000000 0.000000 1.000000 0.000000 0.000000 0.000000 0.000000 1.000000 752.dat
1 14 70.000000 40.000070 -40.000080 0.000000 -1.000000 0.000000 1.000000 0.000000 0.000000 0.000000 0.000000 1.000000 755.dat
1 14 70.000000 0.000000 0.000000 0.000000 -1.000000 0.000000 1.000000 0.000000 0.000000 0.000000 0.000000 1.000000 755.dat
1 14 64.555400 40.004860 -40.009940 -0.022053 0.999699 0.010697 0.000000 -0.010700 0.999943 0.999757 0.022052 0.000236 754.dat
1 14 61.551480 40.033890 -40.071430 -0.020697 0.999738 0.009758 0.000000 -0.009760 0.999952 0.999786 0.020696 0.000202 754.dat
1 14 58.548600 40.077970 -40.167560 -0.032353 0.999367 0.014797 0.000000 -0.014805 0.999890 0.999476 0.032350 0.000479 754.dat
1 14 55.546220 40.125830 -40.277160 -0.036508 0.999207 0.015851 0.000000 -0.015862 0.999874 0.999333 0.036504 0.000579 754.dat
1 14 52.543460 40.166100 -40.379250 -0.033400 0.999358 0.012976 0.000000 -0.012983 0.999916 0.999442 0.033397 0.000434 754.dat
1 14 49.539730 40.187230 -40.453000 -0.023097 0.999715 0.006097 0.000000 -0.006099 0.999981 0.999733 0.023097 0.000141 754.dat
1 14 46.535200 40.177340 -40.477780 -0.005666 0.999972 -0.004910 0.000000 0.004910 0.999988 0.999984 0.005666 -0.000028 754.dat
1 14 43.531440 40.124160 -40.433260 0.018793 0.999620 -0.020181 0.000000 0.020184 0.999796 0.999823 -0.018789 0.000379 754.dat
1 14 40.531960 40.015000 -40.299550 0.050127 0.997949 -0.039821 0.000000 0.039871 0.999205 0.998743 -0.050087 0.001999 754.dat
1 14 37.542720 39.836850 -40.057620 0.088099 0.994065 -0.063824 0.000000 0.064073 0.997945 0.996112 -0.087917 0.005645 754.dat
1 14 34.572580 39.576550 -39.689660 0.132379 0.986919 -0.092010 0.000000 0.092827 0.995682 0.991199 -0.131808 0.012288 754.dat
1 14 31.633600 39.221100 -39.179700 0.182531 0.975357 -0.123938 0.000000 0.126056 0.992023 0.983200 -0.181075 0.023009 754.dat
1 14 28.741250 38.758060 -38.514220 0.238010 0.958186 -0.158841 0.000000 0.163541 0.986537 0.971263 -0.234805 0.038924 754.dat
1 14 25.914250 38.175890 -37.682820 0.298169 0.934261 -0.195580 0.000000 0.204901 0.978783 0.954513 -0.291842 0.061095 754.dat
1 14 23.174300 37.464590 -36.678810 0.362286 0.902573 -0.232619 0.000000 0.249573 0.968356 0.932067 -0.350822 0.090417 754.dat
1 14 20.545540 36.616060 -35.499740 0.429576 0.862334 -0.268040 0.000000 0.296822 0.954933 0.903031 -0.410216 0.127508 754.dat
1 14 18.053720 35.624610 -34.147700 0.499187 0.813049 -0.299606 0.000000 0.345769 0.938320 0.866494 -0.468397 0.172603 754.dat
1 14 15.725410 34.487260 -32.629400 0.570222 0.754539 -0.324835 0.000000 0.395422 0.918499 0.821491 -0.523748 0.225478 754.dat
1 14 13.587030 33.203970 -30.955990 0.641669 0.686961 -0.341094 0.000000 0.444723 0.895668 0.766981 -0.574723 0.285365 754.dat
1 14 11.664030 31.777760 -29.142780 0.712357 0.610764 -0.345710 0.000000 0.492592 0.870260 0.701818 -0.619936 0.350902 754.dat
1 14 9.980110 30.214710 -27.208560 0.780839 0.526631 -0.336081 0.000000 0.537960 0.842970 0.624732 -0.658224 0.420061 754.dat
1 14 8.556760 28.523860 -25.175060 0.845226 0.435418 -0.309844 0.000000 0.579789 0.814767 0.534408 -0.688662 0.490053 754.dat
1 14 7.412830 26.717160 -23.066180 0.902995 0.338093 -0.265127 0.000000 0.617077 0.786903 0.429650 -0.710570 0.557218 754.dat
1 14 6.564300 24.809300 -20.907410 0.950817 0.235694 -0.200987 0.000000 0.648861 0.760907 0.309754 -0.723483 0.616948 754.dat
1 14 6.024120 22.817720 -18.725250 0.984550 0.129321 -0.118054 0.000000 0.674201 0.738547 0.175102 -0.727137 0.663785 756.dat
1 14 5.802010 20.762440 -16.546670 0.999610 0.020143 -0.019320 0.000000 0.692196 0.721710 0.027911 -0.721429 0.691926 754.dat
1 14 5.904220 18.665990 -14.398720 -0.991882 0.090562 0.089263 0.000000 -0.701982 0.712194 0.127159 0.706413 0.696284 754.dat
1 14 6.333190 16.553240 -12.308060 -0.959099 0.201374 0.198940 0.000000 -0.702794 0.711393 0.283070 0.682297 0.674049 754.dat
1 14 7.087100 14.451040 -10.300550 -0.902084 0.310707 0.299507 0.000000 -0.694011 0.719964 0.431559 0.649468 0.626057 754.dat
1 14 8.159430 12.387710 -8.400640 -0.825023 0.416812 0.381582 0.000000 -0.675248 0.737591 0.565099 0.608529 0.557096 754.dat
1 14 9.538509 10.392290 -6.630780 -0.734414 0.517822 0.438744 0.000000 -0.646446 0.762959 0.678702 0.560328 0.474759 754.dat
1 14 11.207360 8.493480 -5.010680 -0.637290 0.611854 0.468502 0.000000 -0.607952 0.793973 0.770623 0.505992 0.387443 754.dat
1 14 13.143730 6.718510 -3.556540 -0.539692 0.697147 0.471930 0.000000 -0.560578 0.828101 0.841862 0.446920 0.302540 754.dat
1 14 15.320680 5.091750 -2.280310 -0.445948 0.772223 0.452550 0.000000 -0.505610 0.862762 0.895059 0.384747 0.225476 754.dat
1 14 17.707500 3.633480 -1.189110 -0.358694 0.836054 0.415154 0.000000 -0.444750 0.895655 0.933455 0.321266 0.159529 754.dat
1 14 20.271140 2.358830 -0.284920 -0.279264 0.888177 0.364902 0.000000 -0.380021 0.924978 0.960214 0.258313 0.106127 754.dat
1 14 22.977770 1.276970 0.435460 -0.208152 0.928751 0.306747 0.000000 -0.313617 0.949550 0.978097 0.197651 0.065280 754.dat
1 14 25.794580 0.390830 0.980040 -0.145378 0.958535 0.245102 0.000000 -0.247733 0.968828 0.989376 0.140846 0.036015 754.dat
1 14 28.691320 -0.302780 1.361090 -0.090742 0.978793 0.183660 0.000000 -0.184420 0.982847 0.995874 0.089185 0.016735 754.dat
1 14 31.641640 -0.812700 1.594260 -0.043973 0.991138 0.125348 0.000000 -0.125469 0.992097 0.999033 0.043626 0.005518 754.dat
1 14 34.623920 -1.152600 1.697680 -0.004806 0.997368 0.072339 0.000000 -0.072340 0.997380 0.999988 0.004794 0.000348 754.dat
1 14 37.621670 -1.340080 1.691040 0.026991 0.999294 0.026137 0.000000 -0.026146 0.999658 0.999636 -0.026982 -0.000706 754.dat
1 14 40.623440 -1.395700 1.594840 0.051609 0.998592 -0.012300 0.000000 0.012317 0.999924 0.998667 -0.051605 0.000636 754.dat
1 14 43.622420 -1.342100 1.429710 0.069199 0.996701 -0.042415 0.000000 0.042517 0.999096 0.997603 -0.069137 0.002942 754.dat
1 14 46.615740 -1.203350 1.216100 0.079887 0.994753 -0.063912 0.000000 0.064117 0.997942 0.996804 -0.079723 0.005122 754.dat
1 14 49.603600 -1.004400 0.974000 0.083770 0.993534 -0.076629 0.000000 0.076899 0.997039 0.996485 -0.083522 0.006442 754.dat
1 14 52.588260 -0.770810 0.722990 0.080914 0.993470 -0.080435 0.000000 0.080700 0.996738 0.996721 -0.080650 0.006530 754.dat
1 14 55.573100 -0.528570 0.482310 0.071372 0.994612 -0.075183 0.000000 0.075375 0.997155 0.997450 -0.071168 0.005380 754.dat
1 14 58.561480 -0.304100 0.271060 0.055169 0.996631 -0.060689 0.000000 0.060782 0.998151 0.998477 -0.055067 0.003353 754.dat
1 14 61.555800 -0.124220 0.108390 0.032040 0.998821 -0.036454 0.000000 0.036473 0.999335 0.999486 -0.032019 0.001169 754.dat
1 14 64.556330 -0.016110 0.013580 0.030631 0.998875 -0.036210 0.000000 0.036227 0.999343 0.999531 -0.030610 0.001110 754.dat
0 NOFILE
0 FILE 73590a.dat Copy 8
0 Hose, Flexible 8.5L with Tabless Ends (Ends same color as Tube, ends not removable)
0 Name:  73590c03a
0 Author:  Steve Bliss [sbliss]
0 FlexibleBrick:  73590a.dat
0 FlexibleBrickControlPointUnitLength -1
0 FlexibleBrickLockedControlPoint 
1 14 70.000000 40.000070 -40.000080 0.000000 1.000000 0.000000 -1.000000 0.000000 0.000000 0.000000 0.000000 1.000000 752.dat
1 14 70.000000 -0.000010 -80.000160 0.000000 1.000000 0.000000 -1.000000 0.000000 0.000000 0.000000 0.000000 1.000000 752.dat
1 14 70.000000 40.000070 -40.000080 0.000000 -1.000000 0.000000 1.000000 0.000000 0.000000 0.000000 0.000000 1.000000 755.dat
1 14 70.000000 -0.000010 -80.000160 0.000000 -1.000000 0.000000 1.000000 0.000000 0.000000 0.000000 0.000000 1.000000 755.dat
1 14 64.554040 40.000060 -39.990100 0.022307 0.999751 -0.000151 0.000000 0.000151 1.000000 0.999751 -0.022307 0.000003 754.dat
1 14 61.548710 39.993440 -39.925810 0.021649 0.999763 -0.002293 0.000000 0.002293 0.999997 0.999766 -0.021649 0.000050 754.dat
1 14 58.544500 39.973620 -39.822250 0.034905 0.999367 -0.006871 0.000000 0.006875 0.999976 0.999390 -0.034904 0.000240 754.dat
1 14 55.541240 39.933970 -39.698430 0.041408 0.999048 -0.013720 0.000000 0.013732 0.999906 0.999142 -0.041404 0.000569 754.dat
1 14 52.538520 39.867870 -39.572950 0.041490 0.998877 -0.022856 0.000000 0.022876 0.999738 0.999139 -0.041479 0.000949 754.dat
1 14 49.536090 39.768760 -39.463950 0.035324 0.998788 -0.034269 0.000000 0.034290 0.999412 0.999376 -0.035303 0.001212 754.dat
1 14 46.534220 39.630180 -39.388990 0.023096 0.998584 -0.047923 0.000000 0.047936 0.998850 0.999733 -0.023069 0.001107 754.dat
1 14 43.534020 39.445660 -39.365130 0.004969 0.997949 -0.063819 0.000000 0.063820 0.997961 0.999987 -0.004959 0.000317 754.dat
1 14 40.537810 39.208740 -39.408860 -0.018885 0.996459 -0.081927 0.000000 0.081942 0.996637 0.999821 0.018822 -0.001547 754.dat
1 14 37.549300 38.912800 -39.536040 -0.048310 0.993585 -0.102253 0.000000 0.102373 0.994746 0.998832 0.048056 -0.004946 754.dat
1 14 34.573990 38.550840 -39.761860 -0.083151 0.988688 -0.124827 0.000000 0.125261 0.992124 0.996537 0.082496 -0.010415 754.dat
1 14 31.619440 38.115290 -40.100740 -0.123280 0.981021 -0.149667 0.000000 0.150818 0.988561 0.992372 0.121870 -0.018593 754.dat
1 14 28.695640 37.597770 -40.566260 -0.168611 0.969701 -0.176778 0.000000 0.179346 0.983786 0.985682 0.165878 -0.030240 754.dat
1 14 25.815360 36.989000 -41.171020 -0.219088 0.953702 -0.206039 0.000000 0.211170 0.977449 0.975705 0.214147 -0.046264 754.dat
1 14 22.994670 36.278760 -41.926400 -0.274714 0.931828 -0.237124 0.000000 0.246613 0.969114 0.961526 0.266230 -0.067748 754.dat
1 14 20.253360 35.456090 -42.842100 -0.335492 0.902722 -0.269328 0.000000 0.285898 0.958260 0.942043 0.321489 -0.095916 754.dat
1 14 17.615390 34.509780 -43.925660 -0.401436 0.864880 -0.301382 0.000000 0.329060 0.944309 0.915887 0.379080 -0.132096 754.dat
1 14 15.109140 33.429060 -45.181600 -0.472496 0.816722 -0.331230 0.000000 0.375829 0.926689 0.881333 0.437857 -0.177577 754.dat
1 14 12.767400 32.204740 -46.610520 -0.548422 0.756728 -0.355801 0.000000 0.425497 0.904960 0.836201 0.496300 -0.233352 754.dat
1 14 10.626830 30.830610 -48.207950 -0.628568 0.683639 -0.370865 0.000000 0.476840 0.878990 0.777755 0.552505 -0.299726 754.dat
1 14 8.726830 29.304880 -49.963440 -0.711525 0.596693 -0.371063 0.000000 0.528084 0.849192 0.702660 0.604222 -0.375745 754.dat
1 14 7.107610 27.631690 -51.859680 -0.794557 0.495932 -0.350328 0.000000 0.576967 0.816767 0.607189 0.648968 -0.458434 754.dat
1 14 5.807570 25.822180 -53.872260 -0.872926 0.382420 -0.302909 0.000000 0.620905 0.783886 0.487852 0.684275 -0.542004 754.dat
1 14 4.860240 23.894990 -55.970300 -0.939410 0.258355 -0.225301 0.000000 0.657247 0.753675 0.342794 0.708010 -0.617425 754.dat
1 14 4.291210 21.875910 -58.117780 -0.984743 0.126996 -0.118963 0.000000 0.683649 0.729811 0.174012 0.718677 -0.673218 756.dat
1 14 4.115530 19.796480 -60.275760 -0.999943 -0.007630 0.007445 0.000000 0.698371 0.715736 -0.010661 0.715695 -0.698331 754.dat
1 14 4.336270 17.691990 -62.405240 0.980232 0.141191 0.138600 0.000000 -0.700529 0.713623 0.197851 -0.699516 -0.686681 754.dat
1 14 4.944410 15.598910 -64.469860 0.928022 0.269575 0.257109 0.000000 -0.690176 0.723641 0.372526 -0.671555 -0.640498 754.dat
1 14 5.920090 13.552350 -66.438350 0.852120 0.389356 0.349704 0.000000 -0.668208 0.743974 0.523346 -0.633955 -0.569394 754.dat
