0 FILE rr-vehicles-all-separated.io
0 Untitled Model
0 Name:  rr-vehicles-all-separated
0 Author:  
0 CustomBrick
0 FlexibleBrickControlPointUnitLength -1
0 FlexibleBrickLockedControlPoint 
0 NumOfBricks:  1205
1 16 -389.937500 20.000000 296.062400 0.000000 0.000000 1.000000 0.000000 1.000000 0.000000 -1.000000 0.000000 0.000000 1274 light hover
1 16 -556.347700 28.000050 411.368700 0.000000 0.000000 -1.000000 0.000000 1.000000 0.000000 1.000000 0.000000 0.000000 1275 chain dozer
1 16 -640.000000 20.000000 -330.000000 1.000000 0.000000 0.000000 0.000000 1.000000 0.000000 0.000000 0.000000 1.000000 1276 helicopter transport
1 16 -404.250100 20.000000 65.750120 0.000000 0.000000 1.000000 0.000000 1.000000 0.000000 -1.000000 0.000000 0.000000 1277 drill craft
1 16 260.000000 18.071750 580.000000 1.000000 0.000000 0.000000 0.000000 1.000000 0.000000 0.000000 0.000000 1.000000 cargocarrier
1 16 -51.714250 32.000000 790.000100 -1.000000 0.000000 0.000000 0.000000 1.000000 0.000000 0.000000 0.000000 -1.000000 chromecrusher
1 16 460.000100 24.000000 80.000060 -1.000000 0.000000 0.000000 0.000000 1.000000 0.000000 0.000000 0.000000 -1.000000 granitegrinder-leg
1 16 -440.000000 16.000000 400.000000 1.000000 0.000000 0.000000 0.000000 1.000000 0.000000 0.000000 0.000000 1.000000 hoverscout
1 16 630.000000 57.223680 -150.000000 1.000000 0.000000 0.000000 0.000000 1.000000 0.000000 0.000000 0.000000 1.000000 largemobilelasercutter
1 16 -450.000000 51.999980 640.000000 1.000000 0.000000 0.000000 0.000000 1.000000 0.000000 0.000000 0.000000 1.000000 loaderdozer
1 16 -180.000000 16.000000 -220.000000 1.000000 0.000000 0.000000 0.000000 1.000000 0.000000 0.000000 0.000000 1.000000 rapidrider
1 16 -303.500000 38.000000 350.000000 0.000000 0.000000 -1.000000 0.000000 1.000000 0.000000 1.000000 0.000000 0.000000 smalldigger
1 16 -180.000000 15.999890 170.000000 1.000000 0.000000 0.000000 0.000000 1.000000 0.000000 0.000000 0.000000 1.000000 smallmobilelasercutter
1 16 -320.000000 38.000000 90.000450 0.000000 0.000000 -1.000000 0.000000 1.000000 0.000000 1.000000 0.000000 0.000000 smalltransporttruck
1 16 -340.000000 24.000000 -240.000000 1.000000 0.000000 0.000000 0.000000 1.000000 0.000000 0.000000 0.000000 1.000000 tunnelscout
1 16 89.999610 24.000000 329.999500 1.000000 0.000000 0.000000 0.000000 1.000000 0.000000 0.000000 0.000000 1.000000 tunneltransport
1 0 690.000000 -31.223720 860.000000 0.000000 0.000000 -1.000000 0.000000 1.000000 0.000000 1.000000 0.000000 0.000000 30324.dat
1 16 210.000000 20.000000 -550.000000 1.000000 0.000000 0.000000 0.000000 1.000000 0.000000 0.000000 0.000000 1.000000 harch
1 383 0.000000 -14.720000 -610.000000 -1.000000 0.000000 0.000000 0.000000 0.000000 1.000000 0.000000 1.000000 0.000000 72040.dat
1 6 620.000000 14.000000 730.000000 1.000000 0.000000 0.000000 0.000000 0.000000 1.000000 0.000000 -1.000000 0.000000 15790.dat
1 6 730.000000 15.999990 680.000000 1.000000 0.000000 0.000000 0.000000 0.000000 1.000000 0.000000 -1.000000 0.000000 4617b.dat
1 16 516.000000 24.000060 -604.000000 1.000000 0.000000 0.000000 0.000000 1.000000 0.000000 0.000000 0.000000 1.000000 rapidrider-attachments
1 16 530.000000 24.000000 850.000000 0.000000 0.000000 1.000000 0.000000 1.000000 0.000000 -1.000000 0.000000 0.000000 wheel-med
1 16 590.000000 -13.497680 850.000000 0.000000 0.000000 1.000000 -0.999680 -0.025304 0.000000 0.025304 -0.999680 0.000000 wheel-sm
1 0 640.000000 7.057720 530.000000 1.000000 0.000000 0.000000 0.000000 0.707107 0.707107 0.000000 -0.707107 0.707107 2951.dat
1 16 690.000000 24.000000 180.000000 1.000000 0.000000 0.000000 0.000000 1.000000 0.000000 0.000000 0.000000 1.000000 granitegrinder-top
1 16 630.001200 24.000000 350.000500 1.000000 0.000000 0.000000 0.000000 1.000000 0.000000 0.000000 0.000000 1.000000 granite-grinder-span
1 16 -600.000200 24.000000 -179.999900 1.000000 0.000000 0.000000 0.000000 1.000000 0.000000 0.000000 0.000000 1.000000 tunneltransport-bucket
0 NOFILE
0 FILE 1274 Light Hover
0 1274 Light Hover
0 Name:  1274 Light Hover
0 Author:  
0 CustomBrick
0 FlexibleBrickControlPointUnitLength -1
0 FlexibleBrickLockedControlPoint 
0 NumOfBricks:  22
1 3 60.000020 -40.000000 -114.000000 0.000000 0.000000 1.000000 0.000000 1.000000 0.000000 -1.000000 0.000000 0.000000 2412b.dat
1 3 140.000000 -64.000000 -114.000000 0.000000 0.000000 1.000000 0.000000 1.000000 0.000000 -1.000000 0.000000 0.000000 2412b.dat
1 7 125.870000 -50.284260 -172.284300 0.000000 1.000000 0.000000 0.707107 0.000000 -0.707107 -0.707107 0.000000 -0.707107 4735.dat
1 7 125.870000 -50.284340 -55.715770 0.000000 1.000000 0.000000 -0.707106 0.000000 -0.707108 -0.707108 0.000000 0.707106 4735.dat
1 7 60.000000 -32.000000 -114.000000 0.000000 0.000000 1.000000 0.000000 1.000000 0.000000 -1.000000 0.000000 0.000000 30237.dat
1 8 140.000000 -56.000000 -114.000000 0.000000 0.000000 -1.000000 0.000000 1.000000 0.000000 1.000000 0.000000 0.000000 3039p04.dat
1 8 110.000000 -8.000000 -114.000000 1.000000 0.000000 0.000000 0.000000 1.000000 0.000000 0.000000 0.000000 1.000000 3795.dat
1 8 40.000000 -26.330000 -114.000000 0.000000 0.000000 1.000000 0.000000 1.000000 0.000000 -1.000000 0.000000 0.000000 30194.dat
1 8 160.000000 -32.000000 -114.000000 0.000000 0.000000 -1.000000 0.000000 1.000000 0.000000 1.000000 0.000000 0.000000 30236.dat
1 8 130.000000 -32.000000 -124.000000 1.000000 0.000000 0.000000 0.000000 1.000000 0.000000 0.000000 0.000000 1.000000 30236.dat
1 8 130.000000 -32.000000 -104.000000 -1.000000 0.000000 0.000000 0.000000 1.000000 0.000000 0.000000 0.000000 -1.000000 30236.dat
1 8 186.000000 -42.000000 -114.360000 0.000000 1.000000 0.000000 0.000000 0.000000 -1.000000 -1.000000 0.000000 0.000000 4740.dat
1 8 141.869900 -50.284320 -55.715780 0.000000 1.000000 0.000000 -0.707108 0.000000 0.707105 0.707105 0.000000 0.707108 4740.dat
1 8 141.870000 -50.284220 -172.284300 0.000000 1.000000 0.000000 -0.707107 0.000000 -0.707107 -0.707107 0.000000 0.707107 4740.dat
1 14 178.000000 -42.000000 -114.360000 0.000000 1.000000 0.000000 0.000000 0.000000 -1.000000 -1.000000 0.000000 0.000000 6019.dat
1 42 149.870100 -50.284440 -55.715900 0.000000 1.000000 0.000000 -0.707108 0.000000 0.707105 0.707105 0.000000 0.707108 6141.dat
1 42 149.870000 -50.284240 -172.284300 0.000000 1.000000 0.000000 -0.707107 0.000000 -0.707107 -0.707107 0.000000 0.707107 6141.dat
1 42 194.000000 -42.000000 -114.360000 0.000000 1.000000 0.000000 0.000000 0.000000 -1.000000 -1.000000 0.000000 0.000000 6141.dat
1 14 120.000000 -40.000000 -104.000000 -0.573577 0.000000 0.819152 0.000000 1.000000 0.000000 -0.819152 0.000000 -0.573577 4592.dat
1 0 120.000000 -40.000000 -104.000000 -0.573577 0.579226 0.579230 0.000000 0.707109 -0.707105 -0.819152 -0.405579 -0.405582 4593.dat
1 14 120.000000 -40.000000 -124.000000 0.573575 0.000000 0.819153 0.000000 1.000000 0.000000 -0.819153 0.000000 0.573575 4592.dat
1 0 119.999800 -40.000000 -123.999800 0.573575 0.579227 0.579231 0.000000 0.707109 -0.707105 -0.819153 0.405577 0.405580 4593.dat
0 NOFILE
0 FILE 1275 Chain Dozer
0 1275 Chain Dozer
0 Name:  1275 Chain Dozer
0 Author:  
0 CustomBrick
0 FlexibleBrickControlPointUnitLength -1
0 FlexibleBrickLockedControlPoint 
0 NumOfBricks:  9
1 3 -10.000010 -59.046020 0.000020 0.000000 0.000000 1.000000 0.000000 1.000000 0.000000 -1.000000 0.000000 0.000000 2412b.dat
1 7 -10.000010 -51.046020 -10.000020 0.707106 0.000000 0.707108 0.000000 1.000000 0.000000 -0.707108 0.000000 0.707106 4735.dat
1 7 40.000020 -27.046020 -0.000020 0.000000 0.000000 1.000000 0.000000 1.000000 0.000000 -1.000000 0.000000 0.000000 4600.dat
1 7 10.000010 -43.046020 0.000020 0.000000 0.000000 0.999999 0.000000 1.000000 0.000000 -1.000000 0.000000 0.000000 3829c01.dat
1 8 -54.882500 -28.530420 -38.284250 0.000001 0.905574 0.424188 0.000000 -0.424188 0.905574 1.000000 -0.000001 -0.000001 30194.dat
1 14 20.000000 -35.046020 0.000000 1.000000 0.000000 0.000000 0.000000 1.000000 0.000000 0.000000 0.000000 1.000000 3020.dat
1 7 -10.000010 -51.046020 10.000000 -0.573577 0.000000 0.819152 0.000000 1.000000 0.000000 -0.819152 0.000000 -0.573577 4735.dat
1 8 -59.364090 -28.530420 32.942880 0.000002 0.905577 0.424189 0.000000 -0.424188 0.905574 1.000003 -0.000002 -0.000001 30194.dat
1 7 -0.000010 -27.046020 0.000000 0.000000 0.000000 1.000000 0.000000 1.000000 0.000000 -1.000000 0.000000 0.000000 4600.dat
0 NOFILE
0 FILE 1276 Helicopter Transport
0 1276 Helicopter Transport
0 Name:  1276 Helicopter Transport
0 Author:  
0 CustomBrick
0 FlexibleBrickControlPointUnitLength -1
0 FlexibleBrickLockedControlPoint 
0 NumOfBricks:  18
1 3 120.000000 -16.000000 50.000000 1.000000 0.000000 0.000000 0.000000 1.000000 0.000000 0.000000 0.000000 1.000000 2540.dat
1 14 120.000000 -40.000000 130.000000 0.000000 0.000000 1.000000 0.000000 1.000000 0.000000 -1.000000 0.000000 0.000000 3002.dat
1 3 70.000010 -40.000000 99.999980 0.000001 0.000000 1.000000 0.000000 1.000000 0.000000 -1.000000 0.000000 0.000001 2412b.dat
1 7 120.000000 -16.000000 150.000000 -1.000000 0.000000 0.000000 0.000000 1.000000 0.000000 0.000000 0.000000 -1.000000 4623.dat
1 7 119.650000 -34.000000 32.000010 -1.000000 0.000000 0.000000 0.000000 0.000000 -1.000001 0.000000 -1.000001 0.000000 6019.dat
1 7 120.000000 -96.000000 160.000000 1.000000 0.000000 0.000000 0.000000 1.000000 0.000000 0.000000 0.000000 1.000000 2460.dat
1 7 70.000000 -32.000000 100.000000 0.000000 0.000000 1.000000 0.000000 1.000000 0.000000 -1.000000 0.000000 0.000000 3004.dat
1 8 120.000000 -64.000000 150.000000 1.000000 0.000000 0.000000 0.000000 1.000000 0.000000 0.000000 0.000000 1.000000 3039p04.dat
1 8 119.650000 -33.999990 23.999960 -1.000000 0.000000 0.000000 0.000000 0.000000 -1.000000 0.000000 -1.000000 0.000000 4740.dat
1 14 120.000000 -88.000000 150.000000 -1.000000 0.000000 0.000000 0.000000 1.000000 0.000000 0.000000 0.000000 -1.000000 3660.dat
1 42 119.650000 -33.999990 16.000010 -1.000000 0.000000 0.000000 0.000000 0.000000 -1.000001 0.000000 -1.000001 0.000000 6141.dat
1 8 120.000000 -8.000000 100.000000 1.000000 0.000000 0.000000 0.000000 1.000000 0.000000 0.000000 0.000000 1.000000 30303.dat
1 3 169.999800 -40.000000 100.000000 0.000001 0.000000 0.999998 0.000000 1.000000 0.000000 -0.999998 0.000000 0.000001 2412b.dat
1 7 170.000000 -32.000000 100.000000 0.000000 0.000000 1.000000 0.000000 1.000000 0.000000 -1.000000 0.000000 0.000000 3004.dat
1 14 130.000000 -24.000000 50.000000 -0.707107 0.000000 -0.707107 0.000000 1.000000 0.000000 0.707107 0.000000 -0.707107 4592.dat
1 0 130.000000 -24.000000 49.999990 -0.707107 -0.499999 -0.500002 0.000000 0.707109 -0.707105 0.707108 -0.499999 -0.500002 4593.dat
1 14 110.000000 -24.000000 50.000000 -0.819153 0.000000 0.573575 0.000000 1.000000 0.000000 -0.573575 0.000000 -0.819153 4592.dat
1 0 110.000200 -24.000000 50.000180 -0.819153 0.405577 0.405580 0.000000 0.707109 -0.707105 -0.573575 -0.579227 -0.579231 4593.dat
0 NOFILE
0 FILE 1277 Drill Craft
0 1277 Drill Craft
0 Name:  1277 Drill Craft
0 Author:  
0 CustomBrick
0 FlexibleBrickControlPointUnitLength -1
0 FlexibleBrickLockedControlPoint 
0 NumOfBricks:  25
1 7 10.000000 -32.000000 -80.000010 0.000000 0.000000 -1.000000 0.000000 1.000000 0.000000 1.000000 0.000000 0.000000 3010.dat
1 8 60.000000 -8.000000 -60.000000 1.000000 0.000000 0.000000 0.000000 1.000000 0.000000 0.000000 0.000000 1.000000 3795.dat
1 8 60.000000 -8.000000 -100.000000 1.000000 0.000000 0.000000 0.000000 1.000000 0.000000 0.000000 0.000000 1.000000 3795.dat
1 3 20.000000 -8.000000 -140.000000 1.000000 0.000000 0.000000 0.000000 1.000000 0.000000 0.000000 0.000000 1.000000 2540.dat
1 3 80.000000 -16.000000 -110.000000 1.000000 0.000000 0.000000 0.000000 1.000000 0.000000 0.000000 0.000000 1.000000 2540.dat
1 3 20.000000 -40.000000 -110.000000 1.000000 0.000000 0.000000 0.000000 1.000000 0.000000 0.000000 0.000000 1.000000 2412b.dat
1 7 75.880000 -42.284290 -158.284300 0.000000 1.000000 0.000000 0.707107 0.000000 -0.707107 -0.707107 0.000000 -0.707107 4735.dat
1 7 120.500000 -30.000000 -110.000000 0.000000 0.000000 1.000000 0.000000 1.000000 0.000000 -1.000000 0.000000 0.000000 6117.dat
1 8 91.879970 -42.284420 -158.284100 0.000000 1.000000 0.000000 0.707107 0.000000 -0.707107 -0.707107 0.000000 -0.707107 4740.dat
1 8 110.000000 -32.000000 -110.000000 0.000000 0.000000 -1.000000 0.000000 1.000000 0.000000 1.000000 0.000000 0.000000 4070.dat
1 8 90.000000 -32.000000 -80.000010 0.000000 0.000000 -1.000000 0.000000 1.000000 0.000000 1.000000 0.000000 0.000000 3039p04.dat
1 14 30.000000 -32.000000 -110.000000 0.000000 0.000000 -1.000000 0.000000 1.000000 0.000000 1.000000 0.000000 0.000000 3040b.dat
1 42 99.880000 -42.284410 -158.284200 0.000000 1.000000 0.000000 0.707107 0.000000 -0.707107 -0.707107 0.000000 -0.707107 6141.dat
1 14 30.000000 -32.000000 -50.000000 0.000000 0.000000 -1.000000 0.000000 1.000000 0.000000 1.000000 0.000000 0.000000 3040b.dat
1 3 20.000000 -40.000000 -50.000000 1.000000 0.000000 0.000000 0.000000 1.000000 0.000000 0.000000 0.000000 1.000000 2412b.dat
1 3 80.000000 -16.000000 -50.000000 -1.000000 0.000000 0.000000 0.000000 1.000000 0.000000 0.000000 0.000000 -1.000000 2540.dat
1 7 75.919980 -42.284320 -1.715780 0.000000 1.000000 0.000000 -0.707106 0.000000 -0.707108 -0.707108 0.000000 0.707106 4735.dat
1 8 91.919990 -42.284190 -1.715630 0.000000 1.000000 0.000000 -0.707106 0.000000 -0.707108 -0.707108 0.000000 0.707106 4740.dat
1 42 99.919940 -42.284200 -1.715630 0.000000 1.000000 0.000000 -0.707106 0.000000 -0.707108 -0.707108 0.000000 0.707106 6141.dat
1 7 120.500000 -30.000000 -50.000020 0.000000 0.000000 1.000000 0.000000 1.000000 0.000000 -1.000000 0.000000 0.000000 6117.dat
1 8 110.000000 -32.000000 -50.000000 0.000000 0.000000 -1.000000 0.000000 1.000000 0.000000 1.000000 0.000000 0.000000 4070.dat
1 14 70.000000 -16.000000 -70.000010 -0.342023 0.000000 0.939692 0.000000 1.000000 0.000000 -0.939692 0.000000 -0.342023 4592.dat
1 0 69.999980 -16.000000 -70.000060 -0.342023 0.397128 0.851651 0.000000 0.906309 -0.422615 -0.939691 -0.144544 -0.309979 4593.dat
1 14 70.000000 -16.000000 -90.000000 0.342019 0.000000 0.939693 0.000000 1.000000 0.000000 -0.939693 0.000000 0.342019 4592.dat
1 0 70.000040 -16.000000 -90.000040 0.342018 0.397129 0.851652 0.000000 0.906309 -0.422615 -0.939692 0.144542 0.309974 4593.dat
0 NOFILE
0 FILE CargoCarrier
0 CargoCarrier
0 Name:  CargoCarrier
0 Author:  Simon Eriksson
0 CustomBrick
0 FlexibleBrickControlPointUnitLength -1
0 FlexibleBrickLockedControlPoint 
0 NumOfBricks:  110
1 8 -80.000000 -8.000000 -30.000000 1.000000 0.000000 0.000000 0.000000 1.000000 0.000000 0.000000 0.000000 1.000000 2413.dat
1 8 -80.000000 -8.000000 230.000000 -1.000000 0.000000 0.000000 0.000000 1.000000 0.000000 0.000000 0.000000 -1.000000 2413.dat
1 7 -90.000000 -32.000000 -40.000000 0.000000 0.000000 1.000000 0.000000 1.000000 0.000000 -1.000000 0.000000 0.000000 3039.dat
1 7 -90.000000 -32.000000 60.000000 0.000000 0.000000 1.000000 0.000000 1.000000 0.000000 -1.000000 0.000000 0.000000 3039.dat
1 7 -90.000000 -32.000000 140.000000 0.000000 0.000000 1.000000 0.000000 1.000000 0.000000 -1.000000 0.000000 0.000000 3039.dat
1 7 -90.000000 -32.000000 240.000000 0.000000 0.000000 1.000000 0.000000 1.000000 0.000000 -1.000000 0.000000 0.000000 3039.dat
1 383 -110.000000 -16.000000 200.000000 0.000000 0.000000 1.000000 0.000000 1.000000 0.000000 -1.000000 0.000000 0.000000 2412b.dat
1 383 -110.000000 -16.000000 0.000000 0.000000 0.000000 1.000000 0.000000 1.000000 0.000000 -1.000000 0.000000 0.000000 2412b.dat
1 8 -80.000000 -8.000000 100.000000 1.000000 0.000000 0.000000 0.000000 1.000000 0.000000 0.000000 0.000000 1.000000 3031.dat
1 7 -80.000000 -16.000000 200.000000 1.000000 0.000000 0.000000 0.000000 1.000000 0.000000 0.000000 0.000000 1.000000 2460.dat
1 7 -80.000000 -16.000000 0.000000 1.000000 0.000000 0.000000 0.000000 1.000000 0.000000 0.000000 0.000000 1.000000 2460.dat
1 8 60.000000 -64.000000 -50.000000 1.000000 0.000000 0.000000 0.000000 1.000000 0.000000 0.000000 0.000000 1.000000 30296p01.dat
1 8 -90.000000 -32.000000 100.000000 0.000000 0.000000 1.000000 0.000000 1.000000 0.000000 -1.000000 0.000000 0.000000 3039.dat
1 0 -80.000000 -160.000000 200.000000 0.000000 -1.000000 0.000000 1.000000 0.000000 0.000000 0.000000 0.000000 1.000000 71923.dat copy 2
1 0 -90.000000 -64.000000 140.000000 0.000000 0.000000 1.000000 0.000000 1.000000 0.000000 -1.000000 0.000000 0.000000 2432.dat
1 0 -90.000000 -64.000000 60.000000 0.000000 0.000000 1.000000 0.000000 1.000000 0.000000 -1.000000 0.000000 0.000000 2432.dat
1 7 -70.000000 -32.000000 100.000000 0.000000 0.000000 -1.000000 0.000000 1.000000 0.000000 1.000000 0.000000 0.000000 3660.dat
1 0 60.000000 -72.000000 -50.000000 1.000000 0.000000 0.000000 0.000000 1.000000 0.000000 0.000000 0.000000 1.000000 4162.dat
1 3 60.000000 -56.000000 -70.000000 1.000000 0.000000 0.000000 0.000000 1.000000 0.000000 0.000000 0.000000 1.000000 2540.dat
1 3 20.000000 -56.000000 -70.000000 1.000000 0.000000 0.000000 0.000000 1.000000 0.000000 0.000000 0.000000 1.000000 2540.dat
1 3 100.000000 -56.000000 -70.000000 1.000000 0.000000 0.000000 0.000000 1.000000 0.000000 0.000000 0.000000 1.000000 2540.dat
1 8 199.999900 -8.000000 230.000000 -1.000000 0.000000 0.000000 0.000000 1.000000 0.000000 0.000000 0.000000 -1.000000 2413.dat
1 8 200.000000 -8.000000 -30.000000 1.000000 0.000000 0.000000 0.000000 1.000000 0.000000 0.000000 0.000000 1.000000 2413.dat
1 7 209.999900 -32.000000 240.000000 0.000000 0.000000 -1.000000 0.000000 1.000000 0.000000 1.000000 0.000000 0.000000 3039.dat
1 7 210.000000 -32.000000 140.000000 0.000000 0.000000 -1.000000 0.000000 1.000000 0.000000 1.000000 0.000000 0.000000 3039.dat
1 7 210.000000 -32.000000 60.000000 0.000000 0.000000 -1.000000 0.000000 1.000000 0.000000 1.000000 0.000000 0.000000 3039.dat
1 7 210.000000 -32.000000 -40.000000 -0.000001 0.000000 -1.000000 0.000000 1.000000 0.000000 1.000000 0.000000 -0.000001 3039.dat
1 383 230.000000 -16.000000 0.000000 0.000000 0.000000 -1.000000 0.000000 1.000000 0.000000 1.000000 0.000000 0.000000 2412b.dat
1 383 230.000000 -16.000000 200.000100 -0.000001 0.000000 -1.000000 0.000000 1.000000 0.000000 1.000000 0.000000 -0.000001 2412b.dat
1 8 200.000000 -8.000000 100.000000 -1.000000 0.000000 0.000000 0.000000 1.000000 0.000000 0.000000 0.000000 -1.000000 3031.dat
1 7 200.000000 -16.000000 0.000000 -1.000000 0.000000 0.000000 0.000000 1.000000 0.000000 0.000000 0.000000 -1.000000 2460.dat
1 7 199.999900 -16.000000 200.000000 -1.000000 0.000000 0.000000 0.000000 1.000000 0.000000 0.000000 0.000000 -1.000000 2460.dat
1 8 210.000000 -32.000000 100.000000 -0.000001 0.000000 -1.000000 0.000000 1.000000 0.000000 1.000000 0.000000 -0.000001 3039.dat
1 0 200.000000 -160.000000 0.000000 0.000000 1.000000 0.000000 1.000000 0.000000 0.000000 0.000000 0.000000 -1.000000 71923.dat copy 3
1 0 210.000000 -64.000000 60.000000 0.000000 0.000000 -1.000000 0.000000 1.000000 0.000000 1.000000 0.000000 0.000000 2432.dat
1 0 210.000000 -64.000000 140.000000 -0.000001 0.000000 -1.000000 0.000000 1.000000 0.000000 1.000000 0.000000 -0.000001 2432.dat
1 7 190.000000 -32.000000 100.000000 0.000001 0.000000 1.000000 0.000000 1.000000 0.000000 -1.000000 0.000000 0.000001 3660.dat
1 0 60.000000 -72.000000 0.000000 1.000000 0.000000 0.000000 0.000000 1.000000 0.000000 0.000000 0.000000 1.000000 3029.dat
1 0 60.000000 -72.000000 80.000000 1.000000 0.000000 0.000000 0.000000 1.000000 0.000000 0.000000 0.000000 1.000000 3029.dat
1 0 60.000000 -72.000000 160.000000 1.000000 0.000000 0.000000 0.000000 1.000000 0.000000 0.000000 0.000000 1.000000 3029.dat
1 0 60.000000 -72.000000 240.000000 1.000000 0.000000 0.000000 0.000000 1.000000 0.000000 0.000000 0.000000 1.000000 3029.dat
1 0 150.000000 -104.000000 -20.000000 0.000000 0.000000 1.000000 0.000000 1.000000 0.000000 -1.000000 0.000000 0.000000 2432.dat
1 0 -30.000000 -104.000000 -20.000000 0.000000 0.000000 -1.000000 0.000000 1.000000 0.000000 1.000000 0.000000 0.000000 2432.dat
1 3 -50.000000 -80.000000 100.000000 0.000000 0.000000 1.000000 0.000000 1.000000 0.000000 -1.000000 0.000000 0.000000 2431.dat
1 14 -50.000000 -96.000000 100.000000 0.000000 0.000000 1.000000 0.000000 1.000000 0.000000 -1.000000 0.000000 0.000000 4873.dat
1 3 169.999700 -80.000000 100.000000 0.000000 0.000000 0.999997 0.000000 1.000000 0.000000 -0.999997 0.000000 0.000000 2431.dat
1 14 170.000000 -96.000000 100.000000 0.000000 0.000000 1.000000 0.000000 1.000000 0.000000 -1.000000 0.000000 0.000000 4873.dat
1 14 160.000000 -96.000000 220.000000 1.000000 0.000000 0.000000 0.000000 1.000000 0.000000 0.000000 0.000000 1.000000 3003.dat
1 14 -40.000000 -96.000000 220.000000 1.000000 0.000000 0.000000 0.000000 1.000000 0.000000 0.000000 0.000000 1.000000 3003.dat
1 14 170.000000 -96.000000 250.000000 -1.000000 0.000000 0.000000 0.000000 1.000000 0.000000 0.000000 0.000000 -1.000000 4070.dat
1 14 150.000000 -96.000000 250.000000 -1.000000 0.000000 0.000000 0.000000 1.000000 0.000000 0.000000 0.000000 -1.000000 4070.dat
1 14 -30.000000 -96.000000 250.000000 -1.000000 0.000000 0.000000 0.000000 1.000000 0.000000 0.000000 0.000000 -1.000000 4070.dat
1 14 -50.000000 -96.000000 250.000000 -1.000000 0.000000 0.000000 0.000000 1.000000 0.000000 0.000000 0.000000 -1.000000 4070.dat
1 38 170.000000 -86.000000 264.000000 0.000000 0.000000 -1.000000 1.000000 0.000000 0.000000 0.000000 -1.000000 0.000000 6141.dat
1 38 150.000000 -86.000000 264.000000 0.000000 0.000000 -1.000000 1.000000 0.000000 0.000000 0.000000 -1.000000 0.000000 6141.dat
1 38 -30.000000 -86.000000 264.000000 0.000000 0.000000 -1.000000 1.000000 0.000000 0.000000 0.000000 -1.000000 0.000000 6141.dat
1 38 -50.000000 -86.000000 264.000000 0.000000 0.000000 -1.000000 1.000000 0.000000 0.000000 0.000000 -1.000000 0.000000 6141.dat
1 8 -40.000000 -96.000000 190.000000 1.000000 0.000000 0.000000 0.000000 1.000000 0.000000 0.000000 0.000000 1.000000 3039p04.dat
1 8 160.000000 -96.000000 190.000000 1.000000 0.000000 0.000000 0.000000 1.000000 0.000000 0.000000 0.000000 1.000000 3039p04.dat
1 8 60.000000 -80.000000 170.000000 1.000000 0.000000 0.000000 0.000000 1.000000 0.000000 0.000000 0.000000 1.000000 3710.dat
1 3 60.000000 -88.000000 170.000000 -1.000000 0.000000 0.000000 0.000000 1.000000 0.000000 0.000000 0.000000 -1.000000 2431.dat
1 3 170.000000 -168.000000 80.000000 1.000000 0.000000 0.000000 0.000000 1.000000 0.000000 0.000000 0.000000 1.000000 2340.dat
1 8 -30.000000 -240.000000 260.000000 0.000000 0.000000 1.000000 0.000000 1.000000 0.000000 -1.000000 0.000000 0.000000 3039.dat
1 8 170.000000 -96.000000 10.000000 1.000000 0.000000 0.000000 0.000000 1.000000 0.000000 0.000000 0.000000 1.000000 4286.dat
1 7 150.000000 -96.000000 40.000000 0.000000 0.000000 1.000000 0.000000 1.000000 0.000000 -1.000000 0.000000 0.000000 3004.dat
1 7 150.000000 -96.000000 70.000000 -1.000000 0.000000 0.000000 0.000000 1.000000 0.000000 0.000000 0.000000 -1.000000 3040b.dat
1 8 150.000000 -96.000000 10.000000 1.000000 0.000000 0.000000 0.000000 1.000000 0.000000 0.000000 0.000000 1.000000 3005.dat
1 3 150.000000 -168.000000 80.000000 1.000000 0.000000 0.000000 0.000000 1.000000 0.000000 0.000000 0.000000 1.000000 2340.dat
1 7 -30.000000 -96.000000 40.000000 0.000000 0.000000 1.000000 0.000000 1.000000 0.000000 -1.000000 0.000000 0.000000 3004.dat
1 7 -30.000000 -96.000000 70.000000 -1.000000 0.000000 0.000000 0.000000 1.000000 0.000000 0.000000 0.000000 -1.000000 3040b.dat
1 8 -30.000000 -96.000000 10.000000 1.000000 0.000000 0.000000 0.000000 1.000000 0.000000 0.000000 0.000000 1.000000 3005.dat
1 14 -30.000000 -104.000000 40.000000 0.000000 0.000000 1.000000 0.000000 1.000000 0.000000 -1.000000 0.000000 0.000000 2431p52.dat
1 16 -79.090500 -108.198300 -33.100000 0.819153 -0.573575 0.000000 0.573575 0.819153 0.000000 0.000000 0.000000 1.000000 lamp
1 16 164.198200 -143.090500 -33.210000 -0.573573 -0.819155 0.000000 0.819155 -0.573573 0.000000 0.000000 0.000000 1.000000 lamp
1 7 -40.000000 -216.000000 260.000000 1.000000 0.000000 0.000000 0.000000 1.000000 0.000000 0.000000 0.000000 1.000000 4476.dat
1 7 160.000000 -216.000000 260.000000 1.000000 0.000000 0.000000 0.000000 1.000000 0.000000 0.000000 0.000000 1.000000 4476.dat
1 8 150.000000 -240.000000 260.000000 0.000000 0.000000 -1.000000 0.000000 1.000000 0.000000 1.000000 0.000000 0.000000 3039.dat
1 8 60.000000 -248.000000 269.999900 -1.000000 0.000000 0.000000 0.000000 1.000000 0.000000 0.000000 0.000000 -1.000000 30296p01.dat
1 0 -20.000000 -280.000000 249.999900 1.000000 0.000000 -0.000001 0.000000 1.000000 0.000000 0.000001 0.000000 1.000000 2432.dat
1 0 140.000000 -280.000000 250.000000 1.000000 0.000000 -0.000001 0.000000 1.000000 0.000000 0.000001 0.000000 1.000000 2432.dat
1 8 -20.000000 -272.000000 279.999900 0.000000 0.000000 -1.000000 0.000000 1.000000 0.000000 1.000000 0.000000 0.000000 6232.dat
1 8 139.999900 -272.000000 280.000000 0.000000 0.000000 -1.000000 0.000000 1.000000 0.000000 1.000000 0.000000 0.000000 6232.dat
1 3 -30.000100 -280.000000 280.000000 0.000000 0.000000 1.000000 0.000000 1.000000 0.000000 -1.000000 0.000000 0.000000 2412b.dat
1 3 149.999900 -280.000000 280.000000 0.000000 0.000000 1.000000 0.000000 1.000000 0.000000 -1.000000 0.000000 0.000000 2412b.dat
1 0 130.000000 -280.000000 280.000000 0.000000 0.000000 1.000000 0.000000 1.000000 0.000000 -1.000000 0.000000 0.000000 2412b.dat
1 0 -10.000100 -280.000000 279.999900 0.000000 0.000000 1.000000 0.000000 1.000000 0.000000 -1.000000 0.000000 0.000000 2412b.dat
1 8 -70.000000 -192.000000 259.999900 0.000000 0.000000 -1.000000 0.000000 1.000000 0.000000 1.000000 0.000000 0.000000 3475b.dat
1 8 190.000000 -192.000000 260.000000 0.000000 0.000000 1.000000 0.000000 1.000000 0.000000 -1.000000 0.000000 0.000000 3475b.dat
1 7 160.000000 -176.000000 70.000000 0.000000 0.000000 1.000000 0.000000 1.000000 0.000000 -1.000000 0.000000 0.000000 3021.dat
1 0 150.000000 -184.000000 50.000000 0.906308 0.000000 -0.422618 0.000000 1.000000 0.000000 0.422618 0.000000 0.906308 4592.dat
1 14 150.000000 -184.000000 50.000000 0.906308 0.211309 -0.365998 0.000000 0.866025 0.500000 0.422618 -0.453154 0.784886 4593.dat
1 0 170.000000 -184.000000 50.000000 0.906307 0.000000 0.422619 0.000000 1.000000 0.000000 -0.422619 0.000000 0.906308 4592.dat
1 14 170.000000 -184.000000 50.000000 0.906308 -0.211310 0.365999 0.000000 0.866025 0.500000 -0.422619 -0.453154 0.784885 4593.dat
1 0 160.000000 -184.000000 80.000000 1.000000 0.000000 0.000000 0.000000 1.000000 0.000000 0.000000 0.000000 1.000000 4079.dat
1 8 60.000000 -64.000000 50.000000 1.000000 0.000000 0.000000 0.000000 1.000000 0.000000 0.000000 0.000000 1.000000 30296p01.dat
1 8 60.000000 -64.000000 250.000000 -1.000000 0.000000 0.000000 0.000000 1.000000 0.000000 0.000000 0.000000 -1.000000 30296p01.dat
1 8 60.000000 -64.000000 150.000000 -1.000000 0.000000 0.000000 0.000000 1.000000 0.000000 0.000000 0.000000 -1.000000 30296p01.dat
1 0 -50.000000 -64.000000 100.000000 0.000000 0.000000 1.000000 0.000000 1.000000 0.000000 -1.000000 0.000000 0.000000 3023.dat
1 0 170.000000 -64.000000 100.000000 0.000000 0.000000 1.000000 0.000000 1.000000 0.000000 -1.000000 0.000000 0.000000 3023.dat
1 3 199.999900 -32.000000 270.000000 -1.000000 0.000000 0.000000 0.000000 1.000000 0.000000 0.000000 0.000000 -1.000000 3298px1.dat
1 3 200.000000 -32.000000 -70.000000 1.000000 0.000000 0.000000 0.000000 1.000000 0.000000 0.000000 0.000000 1.000000 3298px1.dat
1 3 -79.999980 -32.000000 -70.000000 1.000000 0.000000 0.000000 0.000000 1.000000 0.000000 0.000000 0.000000 1.000000 3298px1.dat
1 3 -80.000020 -32.000000 270.000000 -1.000000 0.000000 0.000000 0.000000 1.000000 0.000000 0.000000 0.000000 -1.000000 3298px1.dat
1 3 -50.000020 -56.000000 99.999980 0.000000 0.000000 1.000000 0.000000 1.000000 0.000000 -1.000000 0.000000 0.000000 3298px1.dat
1 3 170.000100 -56.000000 100.000000 0.000000 0.000000 -1.000000 0.000000 1.000000 0.000000 1.000000 0.000000 0.000000 3298px1.dat
1 0 60.000000 -256.000000 259.999900 1.000000 0.000000 0.000000 0.000000 1.000000 0.000000 0.000000 0.000000 1.000000 3068px1.dat
0 NOFILE
0 FILE 71923.dat Copy 2
0 Hose, Ribbed 7mm D. 14L
0 Name:  78c14
0 Author:  Philippe Hurbain [Philo]
0 FlexibleBrick:  71923.dat
0 FlexibleBrickControlPointUnitLength -1
0 FlexibleBrickLockedControlPoint 
1 0 140.635400 -0.026900 -200.070600 0.000000 1.118325 0.000000 1.000000 0.000000 0.000000 0.000000 0.000000 -1.000000 79.dat
1 0 133.650500 -0.027400 -199.828200 0.035812 1.123625 -0.000079 0.000000 0.000089 1.000000 0.999359 -0.040266 0.000003 80.dat
1 0 126.720900 -0.031500 -198.915100 0.133805 1.148130 -0.000604 0.000000 0.000706 1.000000 0.991008 -0.155019 0.000082 80.dat
1 0 119.900300 -0.041200 -197.385300 0.223710 1.123827 -0.001406 0.000000 0.001664 0.999999 0.974656 -0.257949 0.000323 80.dat
1 0 113.230200 -0.058500 -195.293900 0.305352 1.093426 -0.002447 0.000000 0.002950 0.999997 0.952240 -0.350626 0.000785 80.dat
1 0 106.740900 -0.085100 -192.694500 0.379019 1.058905 -0.003677 0.000000 0.004547 0.999992 0.925389 -0.433705 0.001506 80.dat
1 0 100.454500 -0.123000 -189.636300 0.445371 1.021670 -0.005042 0.000000 0.006426 0.999984 0.895346 -0.508208 0.002508 80.dat
1 0 94.387400 -0.173500 -186.163300 0.505284 0.982611 -0.006483 0.000000 0.008555 0.999972 0.862953 -0.575347 0.003796 80.dat
1 0 88.552700 -0.237900 -182.312700 0.559750 0.942135 -0.007935 0.000000 0.010888 0.999954 0.828662 -0.636399 0.005360 80.dat
1 0 82.962200 -0.317200 -178.115600 0.609755 0.900270 -0.009330 0.000000 0.013372 0.999931 0.792590 -0.692595 0.007178 80.dat
1 0 77.628900 -0.411900 -173.596800 0.656219 0.856736 -0.010593 0.000000 0.015941 0.999901 0.754570 -0.745069 0.009212 80.dat
1 0 72.567700 -0.522100 -168.775700 0.699961 0.810951 -0.011644 0.000000 0.018516 0.999867 0.714182 -0.794803 0.011413 80.dat
1 0 67.797290 -0.647500 -163.667300 0.741579 0.762170 -0.012404 0.000000 0.021010 0.999829 0.670866 -0.842508 0.013712 80.dat
1 0 63.340400 -0.787000 -158.284000 0.781431 0.709596 -0.012795 0.000000 0.023324 0.999790 0.623991 -0.888635 0.016024 80.dat
1 0 59.223700 -0.939000 -152.636900 0.819617 0.652378 -0.012750 0.000000 0.025349 0.999752 0.572912 -0.933303 0.018241 80.dat
1 0 55.478100 -1.101400 -146.737900 0.855947 0.589747 -0.012225 0.000000 0.026973 0.999721 0.517063 -0.976269 0.020237 80.dat
1 0 52.137200 -1.271300 -140.601200 0.889959 0.521110 -0.011205 0.000000 0.028084 0.999698 0.456041 -1.016940 0.021866 80.dat
1 0 49.236400 -1.445100 -134.245200 0.920957 0.446135 -0.009721 0.000000 0.028572 0.999689 0.389664 -1.054424 0.022975 80.dat
1 0 46.811100 -1.619000 -127.693400 0.948064 0.364866 -0.007857 0.000000 0.028342 0.999695 0.318080 -1.087515 0.023417 80.dat
1 0 44.894200 -1.788400 -120.975500 0.970329 0.277821 -0.005748 0.000000 0.027326 0.999717 0.241788 -1.114935 0.023070 80.dat
1 0 43.514000 -1.948800 -114.127100 0.986852 0.185960 -0.003579 0.000000 0.025484 0.999755 0.161629 -1.135411 0.021853 80.dat
1 0 42.692200 -2.095500 -107.189500 0.996892 0.090715 -0.001561 0.000000 0.022821 0.999804 0.078781 -1.147901 0.019753 80.dat
1 0 42.441900 -2.223800 -100.207500 0.999986 -0.006148 0.000090 0.000000 0.019383 0.999859 -0.005338 -1.151733 0.016826 80.dat
1 0 42.766400 -2.329700 -93.228210 0.996013 -0.102706 0.001182 0.000000 0.015262 0.999912 -0.089206 -1.146742 0.013202 80.dat
1 0 43.659200 -2.409500 -86.298190 0.985216 -0.197055 0.001577 0.000000 0.010585 0.999958 -0.171318 -1.133229 0.009066 80.dat
1 0 45.104200 -2.460400 -79.461400 0.968163 -0.287509 0.001200 0.000000 0.005506 0.999989 -0.250319 -1.112005 0.004641 80.dat
1 0 47.077200 -2.480400 -72.757400 0.945668 -0.372770 0.000054 0.000000 0.000190 1.000000 -0.325135 -1.084216 0.000156 80.dat
1 0 49.548100 -2.468500 -66.220100 0.918671 -0.451993 -0.001794 0.000000 -0.005196 0.999990 -0.395024 -1.051160 -0.004172 80.dat
1 0 52.482600 -2.424500 -59.877000 0.888118 -0.524828 -0.004224 0.000000 -0.010494 0.999958 -0.459615 -1.014129 -0.008162 80.dat
1 0 55.845000 -2.349100 -53.750000 0.854851 -0.591349 -0.007083 0.000000 -0.015559 0.999907 -0.518874 -0.974254 -0.011669 80.dat
1 0 59.600100 -2.243800 -47.855300 0.819513 -0.651991 -0.010204 0.000000 -0.020261 0.999842 -0.573061 -0.932388 -0.014591 80.dat
1 0 63.714900 -2.111000 -42.206000 0.782494 -0.707438 -0.013415 0.000000 -0.024484 0.999768 -0.622658 -0.889037 -0.016859 80.dat
1 0 68.159800 -1.953600 -36.812800 0.743906 -0.758521 -0.016555 0.000000 -0.028125 0.999693 -0.668285 -0.844353 -0.018427 80.dat
1 0 72.909600 -1.775200 -31.686500 0.703555 -0.806157 -0.019468 0.000000 -0.031089 0.999625 -0.710641 -0.798119 -0.019274 80.dat
1 0 77.943600 -1.580000 -26.839300 0.660994 -0.851206 -0.022009 0.000000 -0.033284 0.999570 -0.750391 -0.749799 -0.019387 80.dat
1 0 83.245500 -1.372700 -22.286900 0.615550 -0.894405 -0.024033 0.000000 -0.034624 0.999535 -0.788098 -0.698583 -0.018771 80.dat
1 0 88.802300 -1.158600 -18.049600 0.566349 -0.936335 -0.025390 0.000000 -0.035017 0.999525 -0.824166 -0.643430 -0.017448 80.dat
1 0 94.603500 -0.943500 -14.153700 0.512398 -0.977293 -0.025923 0.000000 -0.034370 0.999544 -0.858748 -0.583131 -0.015468 80.dat
1 0 100.639300 -0.733600 -10.632000 0.452629 -1.017239 -0.025462 0.000000 -0.032587 0.999592 -0.891699 -0.516354 -0.012924 80.dat
1 0 106.898500 -0.536000 -7.524200 0.386002 -1.055691 -0.023829 0.000000 -0.029570 0.999666 -0.922498 -0.441734 -0.009971 80.dat
1 0 113.366300 -0.357700 -4.877100 0.311593 -1.091665 -0.020856 0.000000 -0.025222 0.999759 -0.950216 -0.357977 -0.006839 80.dat
1 0 120.021400 -0.206800 -2.743100 0.228711 -1.123614 -0.016408 0.000000 -0.019457 0.999858 -0.973495 -0.263979 -0.003855 80.dat
1 0 126.833300 -0.091200 -1.179100 0.137036 -1.149408 -0.010422 0.000000 -0.012209 0.999945 -0.990566 -0.159010 -0.001442 80.dat
1 0 133.759700 -0.019300 -0.244000 0.036745 -1.123949 -0.002958 0.000000 -0.003329 0.999996 -0.999325 -0.041327 -0.000109 80.dat
1 0 140.744200 0.000800 0.004800 0.000000 1.118332 0.000000 1.000000 0.000000 0.000000 0.000000 0.000000 -1.000000 79.dat
0 NOFILE
0 FILE 71923.dat Copy 3
0 Hose, Ribbed 7mm D. 14L
0 Name:  78c14
0 Author:  Philippe Hurbain [Philo]
0 FlexibleBrick:  71923.dat
0 FlexibleBrickControlPointUnitLength -1
0 FlexibleBrickLockedControlPoint 
1 0 140.635400 -0.026900 -200.070600 0.000000 1.118325 0.000000 1.000000 0.000000 0.000000 0.000000 0.000000 -1.000000 79.dat
1 0 133.650500 -0.027400 -199.828200 0.035812 1.123625 -0.000079 0.000000 0.000089 1.000000 0.999359 -0.040266 0.000003 80.dat
1 0 126.720900 -0.031500 -198.915100 0.133805 1.148130 -0.000604 0.000000 0.000706 1.000000 0.991008 -0.155019 0.000082 80.dat
1 0 119.900300 -0.041200 -197.385300 0.223710 1.123827 -0.001406 0.000000 0.001664 0.999999 0.974656 -0.257949 0.000323 80.dat
1 0 113.230200 -0.058500 -195.293900 0.305352 1.093426 -0.002447 0.000000 0.002950 0.999997 0.952240 -0.350626 0.000785 80.dat
1 0 106.740900 -0.085100 -192.694500 0.379019 1.058905 -0.003677 0.000000 0.004547 0.999992 0.925389 -0.433705 0.001506 80.dat
1 0 100.454500 -0.123000 -189.636300 0.445371 1.021670 -0.005042 0.000000 0.006426 0.999984 0.895346 -0.508208 0.002508 80.dat
1 0 94.387400 -0.173500 -186.163300 0.505284 0.982611 -0.006483 0.000000 0.008555 0.999972 0.862953 -0.575347 0.003796 80.dat
1 0 88.552700 -0.237900 -182.312700 0.559750 0.942135 -0.007935 0.000000 0.010888 0.999954 0.828662 -0.636399 0.005360 80.dat
1 0 82.962200 -0.317200 -178.115600 0.609755 0.900270 -0.009330 0.000000 0.013372 0.999931 0.792590 -0.692595 0.007178 80.dat
1 0 77.628900 -0.411900 -173.596800 0.656219 0.856736 -0.010593 0.000000 0.015941 0.999901 0.754570 -0.745069 0.009212 80.dat
1 0 72.567700 -0.522100 -168.775700 0.699961 0.810951 -0.011644 0.000000 0.018516 0.999867 0.714182 -0.794803 0.011413 80.dat
1 0 67.797290 -0.647500 -163.667300 0.741579 0.762170 -0.012404 0.000000 0.021010 0.999829 0.670866 -0.842508 0.013712 80.dat
1 0 63.340400 -0.787000 -158.284000 0.781431 0.709596 -0.012795 0.000000 0.023324 0.999790 0.623991 -0.888635 0.016024 80.dat
1 0 59.223700 -0.939000 -152.636900 0.819617 0.652378 -0.012750 0.000000 0.025349 0.999752 0.572912 -0.933303 0.018241 80.dat
1 0 55.478100 -1.101400 -146.737900 0.855947 0.589747 -0.012225 0.000000 0.026973 0.999721 0.517063 -0.976269 0.020237 80.dat
1 0 52.137200 -1.271300 -140.601200 0.889959 0.521110 -0.011205 0.000000 0.028084 0.999698 0.456041 -1.016940 0.021866 80.dat
1 0 49.236400 -1.445100 -134.245200 0.920957 0.446135 -0.009721 0.000000 0.028572 0.999689 0.389664 -1.054424 0.022975 80.dat
1 0 46.811100 -1.619000 -127.693400 0.948064 0.364866 -0.007857 0.000000 0.028342 0.999695 0.318080 -1.087515 0.023417 80.dat
1 0 44.894200 -1.788400 -120.975500 0.970329 0.277821 -0.005748 0.000000 0.027326 0.999717 0.241788 -1.114935 0.023070 80.dat
1 0 43.514000 -1.948800 -114.127100 0.986852 0.185960 -0.003579 0.000000 0.025484 0.999755 0.161629 -1.135411 0.021853 80.dat
1 0 42.692200 -2.095500 -107.189500 0.996892 0.090715 -0.001561 0.000000 0.022821 0.999804 0.078781 -1.147901 0.019753 80.dat
1 0 42.441900 -2.223800 -100.207500 0.999986 -0.006148 0.000090 0.000000 0.019383 0.999859 -0.005338 -1.151733 0.016826 80.dat
1 0 42.766400 -2.329700 -93.228210 0.996013 -0.102706 0.001182 0.000000 0.015262 0.999912 -0.089206 -1.146742 0.013202 80.dat
1 0 43.659200 -2.409500 -86.298190 0.985216 -0.197055 0.001577 0.000000 0.010585 0.999958 -0.171318 -1.133229 0.009066 80.dat
1 0 45.104200 -2.460400 -79.461400 0.968163 -0.287509 0.001200 0.000000 0.005506 0.999989 -0.250319 -1.112005 0.004641 80.dat
1 0 47.077200 -2.480400 -72.757400 0.945668 -0.372770 0.000054 0.000000 0.000190 1.000000 -0.325135 -1.084216 0.000156 80.dat
1 0 49.548100 -2.468500 -66.220100 0.918671 -0.451993 -0.001794 0.000000 -0.005196 0.999990 -0.395024 -1.051160 -0.004172 80.dat
1 0 52.482600 -2.424500 -59.877000 0.888118 -0.524828 -0.004224 0.000000 -0.010494 0.999958 -0.459615 -1.014129 -0.008162 80.dat
1 0 55.845000 -2.349100 -53.750000 0.854851 -0.591349 -0.007083 0.000000 -0.015559 0.999907 -0.518874 -0.974254 -0.011669 80.dat
1 0 59.600100 -2.243800 -47.855300 0.819513 -0.651991 -0.010204 0.000000 -0.020261 0.999842 -0.573061 -0.932388 -0.014591 80.dat
1 0 63.714900 -2.111000 -42.206000 0.782494 -0.707438 -0.013415 0.000000 -0.024484 0.999768 -0.622658 -0.889037 -0.016859 80.dat
1 0 68.159800 -1.953600 -36.812800 0.743906 -0.758521 -0.016555 0.000000 -0.028125 0.999693 -0.668285 -0.844353 -0.018427 80.dat
1 0 72.909600 -1.775200 -31.686500 0.703555 -0.806157 -0.019468 0.000000 -0.031089 0.999625 -0.710641 -0.798119 -0.019274 80.dat
1 0 77.943600 -1.580000 -26.839300 0.660994 -0.851206 -0.022009 0.000000 -0.033284 0.999570 -0.750391 -0.749799 -0.019387 80.dat
1 0 83.245500 -1.372700 -22.286900 0.615550 -0.894405 -0.024033 0.000000 -0.034624 0.999535 -0.788098 -0.698583 -0.018771 80.dat
1 0 88.802300 -1.158600 -18.049600 0.566349 -0.936335 -0.025390 0.000000 -0.035017 0.999525 -0.824166 -0.643430 -0.017448 80.dat
1 0 94.603500 -0.943500 -14.153700 0.512398 -0.977293 -0.025923 0.000000 -0.034370 0.999544 -0.858748 -0.583131 -0.015468 80.dat
1 0 100.639300 -0.733600 -10.632000 0.452629 -1.017239 -0.025462 0.000000 -0.032587 0.999592 -0.891699 -0.516354 -0.012924 80.dat
1 0 106.898500 -0.536000 -7.524200 0.386002 -1.055691 -0.023829 0.000000 -0.029570 0.999666 -0.922498 -0.441734 -0.009971 80.dat
1 0 113.366300 -0.357700 -4.877100 0.311593 -1.091665 -0.020856 0.000000 -0.025222 0.999759 -0.950216 -0.357977 -0.006839 80.dat
